C 0.98800 0.00797 0.00403 9
C 0.95086 0.02721 0.02193 9
C 0.90310 0.03184 0.06506 8
C 0.86569 0.03743 0.09688 7
C 0.80453 0.07374 0.12173 6
C 0.74111 0.19110 0.06780 5
C 0.57267 0.39291 0.03443 1
E 0.07849 0.91381 0.00770 8
E 0.01780 0.98141 0.00078 9
E 0.01299 0.98598 0.00103 9
E 0.02795 0.97025 0.00180 9
E 0.09473 0.90271 0.00257 8
C 0.97944 0.01857 0.00200 9
C 0.98192 0.01574 0.00234 9
E 0.07053 0.92635 0.00312 8
E 0.01320 0.98584 0.00097 9
E 0.00908 0.99060 0.00033 9
E 0.00957 0.98976 0.00067 9
E 0.01536 0.98433 0.00031 9
E 0.05985 0.93838 0.00177 8
C 0.88299 0.11238 0.00463 7
C 0.89662 0.03904 0.06434 8
H 0.48070 0.01094 0.50836 0
H 0.47184 0.01104 0.51712 0
H 0.23786 0.00228 0.75986 5
C 0.87251 0.01715 0.11034 7
C 0.88549 0.03426 0.08024 8
C 0.89753 0.05924 0.04323 8
C 0.94099 0.03516 0.02385 9
C 0.95776 0.01778 0.02446 9
H 0.03222 0.00048 0.96729 9
H 0.01631 0.00040 0.98329 9
H 0.01033 0.00029 0.98938 9
H 0.00664 0.00025 0.99311 9
H 0.00656 0.00019 0.99325 9
H 0.00623 0.00013 0.99364 9
H 0.00666 0.00017 0.99317 9
H 0.00657 0.00017 0.99325 9
H 0.00706 0.00016 0.99278 9
H 0.00710 0.00017 0.99273 9
H 0.00710 0.00024 0.99267 9
H 0.02324 0.00100 0.97576 9
H 0.06606 0.00225 0.93170 8
H 0.06256 0.00340 0.93404 8
H 0.12776 0.00516 0.86709 7
H 0.33339 0.00328 0.66333 3
C 0.93617 0.00913 0.05470 8
C 0.96147 0.01879 0.01974 9
C 0.81967 0.15068 0.02965 6
E 0.41057 0.57261 0.01682 1
E 0.37183 0.61132 0.01685 2
E 0.03819 0.95656 0.00525 9
E 0.00987 0.98970 0.00043 9
E 0.00868 0.99096 0.00036 9
E 0.00937 0.99044 0.00018 9
E 0.03416 0.96458 0.00126 9
E 0.37173 0.62239 0.00588 2
C 0.90434 0.08407 0.01159 8
C 0.95949 0.02346 0.01705 9
C 0.95822 0.02030 0.02148 9
C 0.89769 0.07809 0.02422 8
C 0.58073 0.37789 0.04137 2
E 0.33345 0.64088 0.02567 3
E 0.23445 0.74950 0.01604 5
C 0.66440 0.32063 0.01497 3
C 0.80539 0.17508 0.01953 6
C 0.71055 0.26552 0.02393 4
C 0.89089 0.09508 0.01403 7
H 0.15910 0.01165 0.82925 6
H 0.08302 0.00530 0.91168 8
H 0.05297 0.00343 0.94360 8
H 0.12487 0.01343 0.86170 7
H 0.21566 0.01418 0.77017 5
H 0.31260 0.00874 0.67866 3
H 0.44118 0.00934 0.54947 1
C 0.52038 0.00857 0.47105 0
C 0.52291 0.00728 0.46981 0
C 0.60542 0.00559 0.38899 2
C 0.66152 0.00531 0.33317 3
H 0.45131 0.00450 0.54419 0
H 0.18215 0.00668 0.81118 6
H 0.17970 0.00658 0.81371 6
H 0.06059 0.00304 0.93637 8
H 0.04320 0.00217 0.95463 9
H 0.04647 0.00191 0.95162 9
H 0.03049 0.00108 0.96843 9
H 0.01374 0.00046 0.98580 9
H 0.01223 0.00035 0.98742 9
H 0.01286 0.00037 0.98677 9
H 0.01068 0.00032 0.98900 9
H 0.00869 0.00024 0.99107 9
H 0.00756 0.00019 0.99224 9
H 0.00548 0.00014 0.99438 9
H 0.00457 0.00016 0.99527 9
H 0.00591 0.00027 0.99382 9
H 0.00828 0.00028 0.99143 9
H 0.02042 0.00153 0.97805 9
H 0.07972 0.00211 0.91816 8
H 0.32418 0.00250 0.67332 3
C 0.91311 0.00866 0.07823 8
C 0.97994 0.00645 0.01362 9
C 0.96338 0.02416 0.01246 9
C 0.72653 0.25943 0.01403 4
E 0.04011 0.95846 0.00143 9
E 0.01458 0.98450 0.00092 9
E 0.01001 0.98914 0.00085 9
E 0.02176 0.97692 0.00132 9
E 0.04974 0.94740 0.00286 8
C 0.91895 0.07629 0.00476 8
C 0.93873 0.05613 0.00514 8
E 0.07200 0.92330 0.00469 8
E 0.09164 0.87953 0.02883 7
E 0.16668 0.80108 0.03224 6
C 0.67463 0.16995 0.15542 4
H 0.19045 0.01956 0.78999 5
H 0.09601 0.04154 0.86246 7
H 0.04713 0.02385 0.92903 8
H 0.04644 0.04731 0.90624 8
H 0.04161 0.03343 0.92496 8
H 0.03760 0.00716 0.95524 9
H 0.10275 0.00601 0.89124 7
H 0.31137 0.01127 0.67737 3
C 0.96716 0.01141 0.02143 9
C 0.96283 0.03517 0.00200 9
E 0.04156 0.95575 0.00269 9
E 0.01392 0.98541 0.00066 9
E 0.00973 0.98949 0.00078 9
E 0.02335 0.97435 0.00230 9
E 0.39170 0.59983 0.00848 2
C 0.88246 0.09775 0.01980 7
C 0.97185 0.01811 0.01004 9
C 0.84365 0.15109 0.00526 6
E 0.03738 0.96056 0.00206 9
E 0.01808 0.97896 0.00296 9
E 0.08499 0.91182 0.00318 8
C 0.84852 0.14555 0.00593 6
C 0.80401 0.12115 0.07485 6
H 0.17798 0.03767 0.78435 6
H 0.33846 0.05368 0.60786 2
H 0.24279 0.10405 0.65316 3
C 0.51958 0.15163 0.32879 1
C 0.86482 0.05189 0.08329 7
C 0.90534 0.05948 0.03518 8
C 0.86512 0.10381 0.03108 7
C 0.84145 0.08858 0.06997 7
C 0.81889 0.05770 0.12341 6
C 0.76956 0.04313 0.18731 5
C 0.69793 0.02796 0.27410 4
H 0.09336 0.02062 0.88602 7
H 0.07604 0.07695 0.84701 7
H 0.06258 0.06889 0.86853 8
H 0.04584 0.03963 0.91452 8
H 0.06726 0.03640 0.89635 8
H 0.14953 0.01576 0.83471 6
H 0.26207 0.01169 0.72625 4
H 0.40881 0.00290 0.58829 1
C 0.50787 0.00523 0.48690 0
H 0.22346 0.00807 0.76847 5
H 0.08334 0.00518 0.91147 8
H 0.04008 0.00309 0.95683 9
H 0.01195 0.00182 0.98623 9
H 0.00631 0.00029 0.99341 9
H 0.00741 0.00043 0.99216 9
H 0.01055 0.00163 0.98782 9
H 0.02891 0.00685 0.96424 9
H 0.09680 0.00504 0.89816 8
H 0.47912 0.00479 0.51608 0
C 0.95194 0.00387 0.04419 9
C 0.96955 0.00744 0.02301 9
C 0.93711 0.03162 0.03128 9
C 0.92030 0.05097 0.02873 8
C 0.94280 0.02842 0.02879 9
H 0.05090 0.00169 0.94741 8
H 0.01937 0.00121 0.97942 9
H 0.01206 0.00078 0.98715 9
H 0.01347 0.00088 0.98565 9
H 0.02614 0.00143 0.97243 9
H 0.05110 0.00116 0.94774 8
C 0.61000 0.00579 0.38421 2
C 0.97536 0.00370 0.02094 9
C 0.95611 0.00765 0.03624 9
C 0.62464 0.08873 0.28663 3
C 0.65763 0.09255 0.24983 4
E 0.12223 0.69225 0.18553 5
E 0.21486 0.68748 0.09766 4
C 0.83994 0.13091 0.02915 7
C 0.94332 0.01548 0.04121 8
H 0.11516 0.00264 0.88220 7
H 0.11043 0.00465 0.88493 7
H 0.13597 0.00543 0.85860 7
H 0.02092 0.00064 0.97844 9
H 0.01217 0.00034 0.98749 9
H 0.00884 0.00024 0.99092 9
H 0.00645 0.00018 0.99338 9
H 0.00430 0.00011 0.99559 9
H 0.00622 0.00013 0.99365 9
H 0.01209 0.00041 0.98750 9
H 0.02966 0.00223 0.96811 9
H 0.13028 0.00658 0.86313 7
C 0.51364 0.00710 0.47926 0
C 0.63522 0.00605 0.35872 2
C 0.79972 0.00594 0.19434 6
C 0.77739 0.00914 0.21347 5
C 0.85064 0.01150 0.13785 7
C 0.90703 0.01123 0.08174 8
H 0.16284 0.00360 0.83356 6
H 0.13793 0.00376 0.85832 7
H 0.05007 0.00191 0.94802 8
H 0.01208 0.00046 0.98746 9
H 0.00817 0.00027 0.99156 9
H 0.00637 0.00014 0.99349 9
H 0.00636 0.00014 0.99351 9
H 0.00808 0.00023 0.99169 9
H 0.01912 0.00069 0.98019 9
H 0.07012 0.00451 0.92537 8
H 0.22099 0.00770 0.77131 5
H 0.26663 0.00829 0.72508 4
H 0.20837 0.01181 0.77983 5
H 0.38683 0.00975 0.60342 2
C 0.56312 0.01538 0.42150 1
C 0.72538 0.01627 0.25836 4
C 0.75444 0.01828 0.22729 5
C 0.78234 0.01619 0.20147 5
C 0.86099 0.00850 0.13051 7
C 0.84491 0.00976 0.14533 6
C 0.76865 0.01158 0.21976 5
C 0.61606 0.01053 0.37341 2
C 0.52466 0.00770 0.46764 0
H 0.34968 0.00609 0.64423 2
H 0.30022 0.00448 0.69530 3
H 0.09950 0.00628 0.89422 7
H 0.07552 0.00498 0.91950 8
H 0.03388 0.00230 0.96381 9
H 0.01047 0.00034 0.98919 9
H 0.00605 0.00017 0.99379 9
H 0.00485 0.00014 0.99501 9
H 0.00785 0.00024 0.99190 9
H 0.01467 0.00085 0.98447 9
H 0.03562 0.00188 0.96250 9
H 0.13527 0.00434 0.86038 7
C 0.51664 0.00437 0.47899 0
C 0.92892 0.00461 0.06647 8
C 0.86188 0.00751 0.13061 7
C 0.91598 0.01656 0.06746 8
C 0.90275 0.01401 0.08323 8
H 0.03880 0.00053 0.96067 9
H 0.01750 0.00082 0.98168 9
H 0.01224 0.00050 0.98726 9
H 0.00741 0.00034 0.99225 9
H 0.00825 0.00028 0.99146 9
H 0.01186 0.00039 0.98775 9
H 0.03153 0.00117 0.96729 9
H 0.05694 0.00169 0.94136 8
H 0.14470 0.00481 0.85049 7
H 0.37396 0.00500 0.62104 2
C 0.64092 0.00447 0.35461 2
C 0.94342 0.00347 0.05310 8
H 0.38225 0.00398 0.61377 2
H 0.15916 0.00653 0.83431 6
H 0.04028 0.00118 0.95854 9
H 0.01357 0.00060 0.98583 9
H 0.00676 0.00027 0.99297 9
H 0.00533 0.00014 0.99453 9
H 0.00552 0.00013 0.99434 9
H 0.00523 0.00012 0.99466 9
H 0.00735 0.00019 0.99246 9
H 0.01504 0.00043 0.98453 9
H 0.03285 0.00101 0.96614 9
H 0.14475 0.00373 0.85152 7
H 0.42289 0.00537 0.57174 1
H 0.36170 0.00417 0.63413 2
C 0.95059 0.00292 0.04649 9
H 0.12439 0.00295 0.87266 7
H 0.03838 0.00158 0.96003 9
H 0.02141 0.00099 0.97759 9
H 0.00962 0.00065 0.98973 9
H 0.00651 0.00027 0.99323 9
H 0.00548 0.00013 0.99439 9
H 0.00597 0.00014 0.99388 9
H 0.00551 0.00014 0.99435 9
H 0.00527 0.00013 0.99460 9
H 0.00486 0.00011 0.99503 9
H 0.00706 0.00016 0.99279 9
H 0.01784 0.00066 0.98150 9
H 0.05493 0.00237 0.94270 8
H 0.19340 0.00445 0.80216 6
H 0.36545 0.00556 0.62900 2
C 0.52145 0.00629 0.47226 0
C 0.90006 0.00361 0.09634 8
C 0.94032 0.00562 0.05407 8
H 0.04317 0.00077 0.95606 9
H 0.02328 0.00061 0.97611 9
H 0.01433 0.00048 0.98519 9
H 0.00688 0.00040 0.99271 9
H 0.00551 0.00018 0.99431 9
H 0.00620 0.00012 0.99368 9
H 0.00743 0.00017 0.99240 9
H 0.00667 0.00018 0.99314 9
H 0.00628 0.00016 0.99356 9
H 0.00543 0.00013 0.99443 9
H 0.00465 0.00014 0.99521 9
H 0.00487 0.00016 0.99497 9
H 0.00847 0.00025 0.99128 9
H 0.02089 0.00109 0.97802 9
H 0.10011 0.00399 0.89589 7
H 0.44617 0.00381 0.55002 1
C 0.56963 0.00945 0.42092 1
C 0.96325 0.00684 0.02991 9
C 0.90808 0.01585 0.07607 8
C 0.82913 0.01797 0.15290 6
H 0.13675 0.00954 0.85371 7
H 0.10657 0.06244 0.83099 7
H 0.14830 0.06530 0.78641 6
E 0.31430 0.58888 0.09683 2
E 0.29824 0.67229 0.02948 3
E 0.07407 0.91187 0.01406 8
E 0.02016 0.97725 0.00259 9
E 0.00939 0.98960 0.00101 9
E 0.01207 0.98665 0.00128 9
E 0.06098 0.93432 0.00470 8
C 0.50511 0.48775 0.00714 0
C 0.91074 0.07493 0.01433 8
C 0.95002 0.02722 0.02276 9
C 0.95019 0.02236 0.02744 9
C 0.95313 0.02182 0.02505 9
C 0.93360 0.02725 0.03914 8
C 0.91654 0.04634 0.03712 8
C 0.89659 0.04917 0.05424 8
C 0.91223 0.03870 0.04907 8
C 0.84416 0.05028 0.10556 7
C 0.88252 0.02176 0.09573 7
C 0.82401 0.01982 0.15617 6
H 0.19541 0.01320 0.79139 5
H 0.40975 0.00642 0.58384 1
H 0.48039 0.00479 0.51482 0
C 0.96216 0.00760 0.03024 9
C 0.97043 0.00938 0.02020 9
H 0.03886 0.00078 0.96036 9
H 0.01838 0.00113 0.98049 9
H 0.01342 0.00107 0.98552 9
H 0.01124 0.00079 0.98798 9
H 0.01765 0.00121 0.98113 9
H 0.03249 0.00320 0.96432 9
H 0.09552 0.01037 0.89411 7
H 0.30683 0.01025 0.68292 3
C 0.71570 0.01015 0.27415 4
C 0.88950 0.01039 0.10011 7
C 0.87888 0.01341 0.10770 7
C 0.86932 0.01395 0.11673 7
C 0.82677 0.01279 0.16044 6
C 0.80642 0.01782 0.17577 6
C 0.83076 0.02432 0.14492 6
C 0.77091 0.09816 0.13092 6
C 0.70706 0.22214 0.07080 4
C 0.77525 0.15776 0.06700 6
C 0.87730 0.02290 0.09981 7
H 0.19719 0.01320 0.78961 5
H 0.21804 0.03059 0.75137 5
H 0.24705 0.02843 0.72452 4
H 0.45048 0.04448 0.50503 0
C 0.82801 0.03905 0.13294 6
C 0.99245 0.00530 0.00225 9
