C 0.98874 0.00796 0.00329 9
C 0.95015 0.02343 0.02643 9
C 0.90064 0.03511 0.06424 8
C 0.83991 0.04641 0.11368 7
C 0.77904 0.10053 0.12043 6
C 0.65074 0.26203 0.08723 3
E 0.36226 0.61909 0.01866 2
E 0.05487 0.93993 0.00520 8
E 0.01578 0.98364 0.00058 9
E 0.01536 0.98393 0.00072 9
E 0.02404 0.97478 0.00118 9
E 0.09278 0.90393 0.00329 8
C 0.98557 0.01275 0.00168 9
C 0.97426 0.02369 0.00206 9
E 0.06438 0.93307 0.00255 8
E 0.01362 0.98554 0.00083 9
E 0.00789 0.99183 0.00028 9
E 0.00847 0.99118 0.00036 9
E 0.01753 0.98212 0.00035 9
E 0.05805 0.94064 0.00131 8
C 0.92355 0.07337 0.00308 8
C 0.93676 0.02421 0.03903 8
H 0.30501 0.00735 0.68764 3
H 0.26369 0.00598 0.73033 4
H 0.14189 0.00166 0.85646 7
C 0.65986 0.01101 0.32913 3
C 0.71968 0.02385 0.25648 4
C 0.83279 0.03456 0.13265 7
C 0.93793 0.02245 0.03962 8
C 0.95791 0.01288 0.02921 9
H 0.03767 0.00073 0.96160 9
H 0.01850 0.00042 0.98108 9
H 0.00986 0.00033 0.98981 9
H 0.00621 0.00017 0.99362 9
H 0.00657 0.00013 0.99329 9
H 0.00630 0.00012 0.99358 9
H 0.00642 0.00010 0.99348 9
H 0.00594 0.00012 0.99394 9
H 0.00646 0.00013 0.99342 9
H 0.00689 0.00014 0.99297 9
H 0.00742 0.00015 0.99243 9
H 0.01596 0.00055 0.98350 9
H 0.03898 0.00122 0.95979 9
H 0.04448 0.00192 0.95359 9
H 0.12896 0.00416 0.86688 7
H 0.39397 0.00338 0.60265 2
C 0.95713 0.00621 0.03666 9
C 0.96134 0.01435 0.02431 9
C 0.87134 0.10585 0.02281 7
E 0.42841 0.55782 0.01378 1
E 0.44369 0.54151 0.01480 0
E 0.03536 0.96115 0.00349 9
E 0.00994 0.98973 0.00034 9
E 0.00903 0.99073 0.00024 9
E 0.01619 0.98335 0.00047 9
E 0.17874 0.81806 0.00320 6
E 0.42585 0.56701 0.00713 1
C 0.90447 0.08264 0.01289 8
C 0.96213 0.01980 0.01807 9
C 0.93258 0.03148 0.03593 8
C 0.81848 0.13572 0.04579 6
C 0.51564 0.43745 0.04691 0
E 0.38296 0.56098 0.05605 1
E 0.34120 0.62940 0.02939 2
C 0.72294 0.22364 0.05342 4
C 0.81704 0.12368 0.05928 6
C 0.77585 0.14082 0.08334 6
C 0.84375 0.05757 0.09868 7
H 0.11973 0.00957 0.87070 7
H 0.05896 0.00542 0.93562 8
H 0.03771 0.00550 0.95679 9
H 0.07954 0.02144 0.89902 8
H 0.16593 0.03868 0.79539 6
H 0.26942 0.02358 0.70700 4
H 0.46879 0.01046 0.52074 0
C 0.55412 0.00846 0.43742 1
C 0.53579 0.00708 0.45713 0
C 0.75326 0.00475 0.24198 5
C 0.78742 0.00611 0.20647 5
H 0.47051 0.00590 0.52359 0
H 0.22398 0.00802 0.76799 5
H 0.13674 0.00626 0.85700 7
H 0.04595 0.00219 0.95186 9
H 0.02928 0.00120 0.96951 9
H 0.02871 0.00102 0.97026 9
H 0.01982 0.00058 0.97960 9
H 0.01010 0.00026 0.98964 9
H 0.00922 0.00020 0.99058 9
H 0.00971 0.00022 0.99007 9
H 0.00853 0.00020 0.99127 9
H 0.00750 0.00016 0.99234 9
H 0.00708 0.00016 0.99276 9
H 0.00586 0.00011 0.99402 9
H 0.00544 0.00011 0.99445 9
H 0.00646 0.00017 0.99338 9
H 0.00920 0.00021 0.99059 9
H 0.02674 0.00114 0.97212 9
H 0.11007 0.00268 0.88725 7
H 0.42490 0.00475 0.57035 1
C 0.93503 0.00711 0.05785 8
C 0.97493 0.00840 0.01668 9
C 0.96533 0.02052 0.01415 9
C 0.82107 0.16728 0.01165 6
E 0.06557 0.93267 0.00177 8
E 0.01703 0.98201 0.00096 9
E 0.01778 0.98010 0.00212 9
E 0.02564 0.97266 0.00170 9
E 0.05949 0.93484 0.00567 8
C 0.70886 0.28154 0.00959 4
C 0.85075 0.14365 0.00559 7
E 0.11299 0.88074 0.00627 7
E 0.07259 0.91025 0.01716 8
E 0.11946 0.86297 0.01757 7
C 0.74922 0.16996 0.08082 5
C 0.52718 0.05140 0.42142 1
H 0.39060 0.13052 0.47888 0
H 0.22059 0.27297 0.50644 2
H 0.07653 0.45831 0.46516 0
E 0.04712 0.48565 0.46723 0
H 0.06603 0.45231 0.48166 0
H 0.23826 0.30808 0.45366 1
C 0.40417 0.25043 0.34540 0
C 0.95852 0.02554 0.01595 9
C 0.95771 0.04075 0.00153 9
E 0.04625 0.95165 0.00210 9
E 0.01843 0.98079 0.00078 9
E 0.01504 0.98437 0.00059 9
E 0.03493 0.96325 0.00183 9
C 0.58356 0.40860 0.00784 1
C 0.90306 0.08004 0.01690 8
C 0.92005 0.05753 0.02242 8
C 0.69781 0.27432 0.02787 4
E 0.16587 0.80434 0.02978 6
E 0.17225 0.79914 0.02861 6
E 0.30035 0.67435 0.02530 3
C 0.83373 0.14571 0.02057 6
C 0.76550 0.11578 0.11872 6
H 0.37344 0.05292 0.57364 1
H 0.40796 0.07781 0.51423 1
H 0.37277 0.13460 0.49263 1
C 0.45803 0.29077 0.25120 1
C 0.74887 0.18401 0.06712 5
C 0.76932 0.19359 0.03709 5
C 0.80509 0.16994 0.02498 6
C 0.86234 0.08915 0.04851 7
C 0.86128 0.05364 0.08508 7
C 0.81460 0.03708 0.14832 6
C 0.76638 0.03284 0.20078 5
H 0.19065 0.12508 0.68426 4
H 0.15718 0.24385 0.59897 3
H 0.10417 0.27153 0.62430 3
H 0.09992 0.28221 0.61787 3
H 0.15777 0.10680 0.73543 5
H 0.23359 0.02576 0.74065 5
H 0.24889 0.01452 0.73659 4
C 0.57669 0.00582 0.41749 1
C 0.63539 0.00651 0.35810 2
H 0.29904 0.00671 0.69425 3
H 0.10913 0.00897 0.88190 7
H 0.08138 0.00612 0.91250 8
H 0.03170 0.01017 0.95813 9
H 0.01981 0.00945 0.97074 9
H 0.02398 0.01790 0.95812 9
H 0.02302 0.02756 0.94943 9
H 0.05062 0.04185 0.90754 8
H 0.14720 0.01365 0.83915 6
H 0.43536 0.01422 0.55042 1
C 0.77081 0.01256 0.21663 5
C 0.87753 0.02564 0.09684 7
C 0.82360 0.09679 0.07961 7
C 0.88700 0.08488 0.02812 7
C 0.94952 0.02655 0.02393 9
H 0.05101 0.00159 0.94740 8
H 0.02179 0.00086 0.97736 9
H 0.01221 0.00064 0.98715 9
H 0.01130 0.00060 0.98810 9
H 0.02887 0.00159 0.96954 9
H 0.08450 0.01317 0.90233 8
C 0.66392 0.01105 0.32504 3
C 0.95757 0.01118 0.03124 9
C 0.84475 0.04538 0.10987 7
C 0.66262 0.11586 0.22152 4
C 0.69873 0.14168 0.15958 5
E 0.10911 0.78034 0.11055 6
E 0.14376 0.80320 0.05304 6
C 0.51669 0.46586 0.01744 0
C 0.84858 0.12421 0.02721 7
H 0.08707 0.00239 0.91054 8
H 0.09274 0.00405 0.90322 8
H 0.15018 0.00420 0.84562 6
H 0.03182 0.00118 0.96701 9
H 0.01457 0.00042 0.98501 9
H 0.01200 0.00038 0.98762 9
H 0.00679 0.00018 0.99303 9
H 0.00507 0.00008 0.99484 9
H 0.00617 0.00009 0.99373 9
H 0.01067 0.00027 0.98905 9
H 0.02745 0.00128 0.97126 9
H 0.11562 0.00452 0.87987 7
H 0.47032 0.00541 0.52427 0
C 0.75107 0.00537 0.24356 5
C 0.85518 0.00625 0.13857 7
C 0.83617 0.00749 0.15634 6
C 0.85962 0.00976 0.13062 7
C 0.87434 0.00919 0.11646 7
H 0.23097 0.00593 0.76310 5
H 0.22620 0.00534 0.76846 5
H 0.17166 0.00302 0.82532 6
H 0.02353 0.00089 0.97558 9
H 0.00975 0.00063 0.98961 9
H 0.00718 0.00039 0.99243 9
H 0.00644 0.00015 0.99342 9
H 0.00687 0.00019 0.99294 9
H 0.01567 0.00048 0.98386 9
H 0.05012 0.00265 0.94724 8
H 0.16271 0.00638 0.83091 6
H 0.30256 0.00722 0.69022 3
H 0.38228 0.01067 0.60705 2
C 0.55801 0.01054 0.43145 1
C 0.66492 0.01447 0.32061 3
C 0.78551 0.01291 0.20157 5
C 0.78453 0.01413 0.20135 5
C 0.83630 0.01410 0.14960 6
C 0.89335 0.01127 0.09539 7
C 0.89718 0.01002 0.09280 8
C 0.75327 0.01039 0.23635 5
C 0.52836 0.00854 0.46310 0
H 0.38147 0.00765 0.61088 2
H 0.29632 0.00603 0.69765 4
H 0.19406 0.00432 0.80162 6
H 0.05824 0.00347 0.93829 8
H 0.04362 0.00261 0.95377 9
H 0.02183 0.00120 0.97697 9
H 0.00827 0.00024 0.99149 9
H 0.00606 0.00013 0.99381 9
H 0.00551 0.00010 0.99440 9
H 0.00699 0.00015 0.99287 9
H 0.01225 0.00048 0.98727 9
H 0.03107 0.00109 0.96784 9
H 0.10097 0.00298 0.89605 7
C 0.55834 0.00528 0.43638 1
C 0.93842 0.00421 0.05737 8
C 0.91512 0.00632 0.07857 8
C 0.93761 0.01346 0.04893 8
C 0.93505 0.01137 0.05358 8
H 0.03775 0.00046 0.96179 9
H 0.01696 0.00050 0.98254 9
H 0.01045 0.00039 0.98916 9
H 0.00664 0.00040 0.99296 9
H 0.00784 0.00027 0.99189 9
H 0.00987 0.00043 0.98970 9
H 0.02177 0.00080 0.97743 9
H 0.03842 0.00100 0.96058 9
H 0.10818 0.00314 0.88869 7
H 0.29711 0.00525 0.69764 4
C 0.70110 0.00371 0.29519 4
C 0.94920 0.00332 0.04748 9
C 0.65944 0.00434 0.33622 3
H 0.16747 0.00571 0.82681 6
H 0.05645 0.00197 0.94158 8
H 0.01731 0.00066 0.98203 9
H 0.00682 0.00020 0.99297 9
H 0.00601 0.00014 0.99385 9
H 0.00595 0.00018 0.99386 9
H 0.00579 0.00016 0.99404 9
H 0.00777 0.00013 0.99210 9
H 0.01368 0.00030 0.98602 9
H 0.02746 0.00061 0.97193 9
H 0.11041 0.00329 0.88630 7
H 0.48534 0.00517 0.50949 0
C 0.65279 0.00349 0.34372 3
C 0.96469 0.00262 0.03269 9
H 0.14372 0.00342 0.85286 7
H 0.04345 0.00263 0.95392 9
H 0.02169 0.00176 0.97655 9
H 0.00877 0.00041 0.99082 9
H 0.00655 0.00019 0.99326 9
H 0.00571 0.00011 0.99419 9
H 0.00591 0.00011 0.99398 9
H 0.00535 0.00010 0.99455 9
H 0.00554 0.00010 0.99435 9
H 0.00552 0.00009 0.99439 9
H 0.00963 0.00016 0.99021 9
H 0.02344 0.00058 0.97598 9
H 0.07470 0.00297 0.92233 8
H 0.35871 0.00633 0.63495 2
C 0.52005 0.00629 0.47366 0
C 0.70893 0.00516 0.28591 4
C 0.93336 0.00393 0.06271 8
C 0.95932 0.00584 0.03483 9
H 0.03979 0.00065 0.95956 9
H 0.01945 0.00042 0.98013 9
H 0.01167 0.00043 0.98790 9
H 0.00632 0.00025 0.99343 9
H 0.00608 0.00013 0.99379 9
H 0.00649 0.00012 0.99339 9
H 0.00704 0.00011 0.99286 9
H 0.00623 0.00012 0.99366 9
H 0.00587 0.00012 0.99401 9
H 0.00537 0.00010 0.99453 9
H 0.00505 0.00011 0.99484 9
H 0.00542 0.00012 0.99446 9
H 0.00853 0.00024 0.99124 9
H 0.01918 0.00097 0.97985 9
H 0.07594 0.00362 0.92044 8
H 0.31011 0.00485 0.68505 3
H 0.38667 0.00869 0.60464 2
C 0.93114 0.00464 0.06422 8
C 0.93383 0.01010 0.05607 8
C 0.85169 0.01721 0.13109 7
H 0.23030 0.01515 0.75455 5
H 0.16309 0.07210 0.76481 6
H 0.20449 0.08490 0.71061 4
E 0.32215 0.43465 0.24321 1
E 0.30231 0.56230 0.13539 2
E 0.15284 0.77092 0.07624 6
E 0.03945 0.90324 0.05731 8
E 0.01988 0.87625 0.10386 7
E 0.03455 0.90667 0.05878 8
E 0.10246 0.87388 0.02366 7
C 0.54566 0.44272 0.01161 1
C 0.91273 0.06969 0.01758 8
C 0.95182 0.02549 0.02269 9
C 0.95328 0.02149 0.02523 9
C 0.95641 0.02003 0.02356 9
C 0.94083 0.02388 0.03528 9
C 0.92633 0.03846 0.03521 8
C 0.91950 0.03666 0.04384 8
C 0.92900 0.03376 0.03725 8
C 0.87623 0.04407 0.07970 7
C 0.91471 0.01767 0.06761 8
C 0.86011 0.01837 0.12153 7
H 0.16876 0.00834 0.82290 6
H 0.33245 0.00526 0.66229 3
H 0.32334 0.00296 0.67370 3
C 0.95612 0.00697 0.03692 9
C 0.96881 0.00890 0.02229 9
H 0.04114 0.00094 0.95791 9
H 0.02517 0.00122 0.97362 9
H 0.01523 0.00087 0.98390 9
H 0.01198 0.00119 0.98683 9
H 0.01586 0.00092 0.98322 9
H 0.03917 0.00231 0.95852 9
H 0.10369 0.00785 0.88845 7
C 0.50298 0.00857 0.48844 0
C 0.82856 0.00916 0.16228 6
C 0.92819 0.00971 0.06210 8
C 0.91310 0.01326 0.07364 8
C 0.88658 0.01375 0.09967 7
C 0.78699 0.01511 0.19791 5
C 0.75482 0.02076 0.22443 5
C 0.78537 0.02720 0.18743 5
C 0.83699 0.06148 0.10153 7
C 0.82586 0.11955 0.05458 7
C 0.79429 0.08778 0.11794 6
C 0.76672 0.01495 0.21833 5
H 0.27892 0.01502 0.70606 4
H 0.30840 0.02709 0.66452 3
H 0.42324 0.02231 0.55445 1
C 0.58704 0.04037 0.37259 2
C 0.78338 0.05103 0.16559 6
C 0.99191 0.00542 0.00267 9
