C 0.99303 0.00506 0.00192 9
C 0.96585 0.01899 0.01516 9
C 0.94317 0.02388 0.03295 9
C 0.82570 0.04877 0.12553 7
C 0.67879 0.15411 0.16710 5
C 0.47165 0.46248 0.06587 0
E 0.15186 0.84571 0.00243 6
E 0.02605 0.97184 0.00211 9
E 0.01543 0.98406 0.00051 9
E 0.01038 0.98946 0.00015 9
E 0.03695 0.96118 0.00187 9
E 0.24707 0.74867 0.00426 5
C 0.98668 0.01148 0.00184 9
C 0.97917 0.01860 0.00223 9
E 0.04164 0.95716 0.00120 9
E 0.00806 0.99171 0.00024 9
E 0.01037 0.98919 0.00044 9
E 0.00821 0.99169 0.00009 9
E 0.01358 0.98622 0.00020 9
E 0.02944 0.97020 0.00036 9
C 0.88631 0.10871 0.00497 7
C 0.91557 0.03729 0.04714 8
H 0.28019 0.00324 0.71657 4
H 0.17246 0.00136 0.82617 6
H 0.14851 0.00194 0.84954 6
C 0.88685 0.00653 0.10662 7
C 0.93720 0.00958 0.05322 8
C 0.94186 0.01744 0.04069 9
C 0.97102 0.01269 0.01629 9
C 0.97236 0.00776 0.01988 9
H 0.03048 0.00053 0.96899 9
H 0.01422 0.00017 0.98561 9
H 0.00955 0.00017 0.99028 9
H 0.00689 0.00023 0.99288 9
H 0.00659 0.00009 0.99332 9
H 0.00760 0.00014 0.99226 9
H 0.00741 0.00022 0.99237 9
H 0.00610 0.00009 0.99381 9
H 0.00603 0.00010 0.99387 9
H 0.00664 0.00012 0.99324 9
H 0.00705 0.00018 0.99276 9
H 0.00889 0.00023 0.99088 9
H 0.02023 0.00044 0.97933 9
H 0.05386 0.00139 0.94476 8
H 0.17727 0.00356 0.81916 6
H 0.29789 0.00203 0.70008 4
C 0.92561 0.00576 0.06863 8
C 0.97251 0.00627 0.02121 9
C 0.96432 0.01521 0.02047 9
C 0.87359 0.09727 0.02914 7
C 0.72257 0.26302 0.01440 4
E 0.05023 0.94690 0.00287 8
E 0.00965 0.99022 0.00013 9
E 0.00690 0.99298 0.00012 9
E 0.01000 0.98977 0.00023 9
E 0.03108 0.96787 0.00105 9
E 0.32968 0.66409 0.00624 3
C 0.88616 0.10590 0.00794 7
C 0.95828 0.02369 0.01802 9
C 0.95147 0.02631 0.02222 9
C 0.92846 0.04429 0.02725 8
C 0.81924 0.14507 0.03569 6
C 0.83895 0.13838 0.02267 6
C 0.85649 0.10853 0.03498 7
C 0.93716 0.03400 0.02883 9
C 0.90042 0.04119 0.05839 8
C 0.82937 0.10223 0.06841 7
C 0.91675 0.03522 0.04803 8
H 0.17538 0.00424 0.82037 6
H 0.07891 0.00430 0.91678 8
H 0.07699 0.00512 0.91788 8
H 0.15400 0.01315 0.83285 6
H 0.25907 0.01393 0.72701 4
H 0.45102 0.01180 0.53718 0
C 0.51272 0.01035 0.47693 0
C 0.64235 0.00951 0.34814 2
C 0.70617 0.00969 0.28414 4
C 0.71592 0.00978 0.27430 4
C 0.67307 0.00856 0.31837 3
H 0.36217 0.00755 0.63028 2
H 0.22703 0.00731 0.76566 5
H 0.16243 0.00561 0.83196 6
H 0.06778 0.00493 0.92728 8
H 0.03713 0.00160 0.96127 9
H 0.03600 0.00155 0.96244 9
H 0.04139 0.00232 0.95629 9
H 0.02990 0.00123 0.96888 9
H 0.02751 0.00099 0.97150 9
H 0.02453 0.00086 0.97461 9
H 0.01582 0.00042 0.98375 9
H 0.00997 0.00017 0.98986 9
H 0.00791 0.00012 0.99196 9
H 0.00771 0.00016 0.99213 9
H 0.00665 0.00017 0.99318 9
H 0.00730 0.00018 0.99252 9
H 0.00940 0.00014 0.99046 9
H 0.03719 0.00072 0.96209 9
H 0.24339 0.00334 0.75327 5
C 0.51520 0.00770 0.47710 0
C 0.97405 0.00328 0.02267 9
C 0.97505 0.00783 0.01712 9
C 0.94034 0.04435 0.01531 8
C 0.53654 0.45530 0.00816 0
E 0.03746 0.96108 0.00146 9
E 0.00873 0.99098 0.00029 9
E 0.00690 0.99302 0.00008 9
E 0.01700 0.98265 0.00035 9
E 0.03676 0.96286 0.00038 9
C 0.96768 0.02981 0.00251 9
C 0.95120 0.03986 0.00894 9
E 0.07423 0.92269 0.00307 8
E 0.20002 0.78171 0.01826 5
E 0.24793 0.71347 0.03860 4
C 0.66767 0.13501 0.19733 4
H 0.12281 0.00851 0.86868 7
H 0.10267 0.00965 0.88767 7
H 0.04072 0.00323 0.95605 9
H 0.02426 0.00275 0.97299 9
H 0.04312 0.00744 0.94944 9
H 0.08395 0.00392 0.91214 8
H 0.21921 0.00410 0.77670 5
H 0.28309 0.00351 0.71340 4
C 0.95212 0.00728 0.04060 9
C 0.97662 0.02103 0.00235 9
E 0.07224 0.92474 0.00302 8
E 0.02069 0.97854 0.00077 9
E 0.01312 0.98641 0.00047 9
E 0.06140 0.93458 0.00402 8
C 0.65394 0.33310 0.01297 3
C 0.93338 0.05832 0.00830 8
C 0.97042 0.01555 0.01403 9
C 0.96770 0.02942 0.00288 9
E 0.06515 0.93242 0.00243 8
E 0.03085 0.96849 0.00066 9
E 0.21406 0.78282 0.00312 5
C 0.86313 0.12531 0.01156 7
C 0.62952 0.06459 0.30589 3
H 0.15606 0.01407 0.82987 6
H 0.11870 0.00931 0.87199 7
H 0.13989 0.01949 0.84061 6
H 0.25065 0.01935 0.73000 4
C 0.92419 0.01700 0.05881 8
C 0.91520 0.03632 0.04848 8
C 0.91421 0.05153 0.03426 8
C 0.93798 0.03290 0.02912 9
C 0.93826 0.02245 0.03929 8
C 0.81969 0.02481 0.15550 6
C 0.76369 0.01525 0.22106 5
H 0.04367 0.00081 0.95552 9
H 0.01507 0.00042 0.98452 9
H 0.00908 0.00026 0.99066 9
H 0.00689 0.00017 0.99293 9
H 0.00702 0.00011 0.99287 9
H 0.02021 0.00075 0.97904 9
H 0.05223 0.00358 0.94420 8
H 0.11070 0.00308 0.88622 7
H 0.05849 0.00311 0.93840 8
H 0.03432 0.00149 0.96419 9
H 0.01488 0.00039 0.98473 9
H 0.00822 0.00015 0.99164 9
H 0.00720 0.00015 0.99265 9
H 0.00603 0.00013 0.99383 9
H 0.00654 0.00015 0.99331 9
H 0.00922 0.00012 0.99066 9
H 0.02614 0.00026 0.97360 9
H 0.11108 0.00155 0.88737 7
C 0.69007 0.00525 0.30468 3
C 0.95661 0.00268 0.04071 9
C 0.97048 0.00535 0.02417 9
C 0.96604 0.01240 0.02156 9
C 0.88720 0.09020 0.02260 7
C 0.93099 0.05157 0.01744 8
H 0.05381 0.00312 0.94307 8
H 0.01935 0.00048 0.98018 9
H 0.01276 0.00076 0.98648 9
H 0.01246 0.00024 0.98729 9
H 0.05721 0.00056 0.94223 8
H 0.08213 0.00132 0.91655 8
C 0.81723 0.00688 0.17589 6
C 0.98739 0.00284 0.00978 9
C 0.96471 0.01516 0.02013 9
C 0.76279 0.17270 0.06451 5
C 0.85447 0.11083 0.03470 7
E 0.06295 0.93189 0.00516 8
E 0.04209 0.95696 0.00095 9
E 0.28989 0.70797 0.00215 4
C 0.94249 0.04685 0.01067 8
H 0.08992 0.00174 0.90833 8
H 0.07443 0.00165 0.92392 8
H 0.07284 0.00223 0.92493 8
H 0.08911 0.00268 0.90821 8
H 0.04587 0.00257 0.95156 9
H 0.04582 0.00238 0.95180 9
H 0.03372 0.00204 0.96423 9
H 0.02322 0.00065 0.97612 9
H 0.04398 0.00211 0.95391 9
H 0.07168 0.00398 0.92433 8
H 0.09334 0.00498 0.90168 8
H 0.20114 0.00559 0.79326 5
H 0.38228 0.01008 0.60763 2
C 0.56446 0.01127 0.42427 1
C 0.63396 0.01131 0.35473 2
C 0.67930 0.01400 0.30670 3
C 0.76352 0.01213 0.22434 5
C 0.89064 0.01020 0.09916 7
H 0.12389 0.00485 0.87126 7
H 0.08993 0.00342 0.90665 8
H 0.02368 0.00134 0.97498 9
H 0.00994 0.00036 0.98969 9
H 0.00655 0.00013 0.99332 9
H 0.00638 0.00011 0.99351 9
H 0.00659 0.00014 0.99327 9
H 0.00638 0.00008 0.99354 9
H 0.01192 0.00023 0.98786 9
H 0.04147 0.00174 0.95679 9
H 0.09306 0.00382 0.90312 8
H 0.15455 0.00525 0.84020 6
H 0.24553 0.01159 0.74288 4
H 0.42875 0.00991 0.56134 1
C 0.53750 0.01359 0.44891 0
C 0.60749 0.01443 0.37808 2
C 0.68305 0.01276 0.30419 3
C 0.78086 0.00997 0.20917 5
C 0.87642 0.00674 0.11684 7
C 0.88436 0.00748 0.10816 7
C 0.80581 0.00783 0.18636 6
H 0.46212 0.00834 0.52954 0
H 0.34382 0.00680 0.64938 3
H 0.26066 0.00645 0.73289 4
H 0.13977 0.00399 0.85624 7
H 0.08293 0.00495 0.91211 8
H 0.05820 0.00335 0.93845 8
H 0.03666 0.00167 0.96166 9
H 0.01532 0.00046 0.98422 9
H 0.00849 0.00016 0.99135 9
H 0.00711 0.00014 0.99275 9
H 0.00728 0.00014 0.99257 9
H 0.01137 0.00020 0.98843 9
H 0.04548 0.00098 0.95354 9
H 0.10273 0.00252 0.89475 7
C 0.52131 0.00676 0.47193 0
C 0.90538 0.00229 0.09233 8
C 0.94606 0.00323 0.05071 8
C 0.76097 0.00882 0.23021 5
C 0.79199 0.00824 0.19977 5
H 0.05959 0.00353 0.93688 8
H 0.02000 0.00149 0.97851 9
H 0.01094 0.00032 0.98873 9
H 0.00791 0.00024 0.99185 9
H 0.00742 0.00010 0.99248 9
H 0.01110 0.00019 0.98871 9
H 0.02696 0.00114 0.97189 9
H 0.07746 0.00286 0.91968 8
H 0.19292 0.00382 0.80326 6
H 0.36986 0.00660 0.62354 2
C 0.67960 0.00516 0.31524 3
C 0.90298 0.00383 0.09319 8
H 0.33817 0.00703 0.65480 3
H 0.09824 0.00370 0.89806 7
H 0.04660 0.00350 0.94990 9
H 0.01360 0.00060 0.98581 9
H 0.00731 0.00013 0.99256 9
H 0.00651 0.00012 0.99337 9
H 0.00717 0.00015 0.99268 9
H 0.00600 0.00013 0.99386 9
H 0.00750 0.00010 0.99240 9
H 0.01262 0.00037 0.98701 9
H 0.02372 0.00049 0.97579 9
H 0.07667 0.00164 0.92170 8
H 0.36735 0.00409 0.62857 2
C 0.90853 0.00353 0.08794 8
C 0.97672 0.00303 0.02025 9
H 0.06206 0.00170 0.93624 8
H 0.02979 0.00039 0.96983 9
H 0.01873 0.00076 0.98051 9
H 0.00916 0.00043 0.99041 9
H 0.00678 0.00008 0.99314 9
H 0.00663 0.00013 0.99325 9
H 0.00678 0.00017 0.99305 9
H 0.00561 0.00009 0.99430 9
H 0.00570 0.00009 0.99420 9
H 0.00643 0.00013 0.99344 9
H 0.00911 0.00022 0.99067 9
H 0.04231 0.00175 0.95594 9
H 0.13623 0.00484 0.85893 7
H 0.32280 0.00585 0.67135 3
C 0.50967 0.00832 0.48201 0
C 0.65495 0.00797 0.33709 3
C 0.86499 0.00539 0.12963 7
C 0.92303 0.00754 0.06943 8
H 0.04660 0.00163 0.95178 9
H 0.02365 0.00110 0.97525 9
H 0.01397 0.00047 0.98556 9
H 0.00793 0.00025 0.99183 9
H 0.00654 0.00009 0.99337 9
H 0.00668 0.00013 0.99319 9
H 0.00694 0.00020 0.99286 9
H 0.00620 0.00011 0.99369 9
H 0.00616 0.00009 0.99375 9
H 0.00629 0.00010 0.99361 9
H 0.00709 0.00014 0.99277 9
H 0.00717 0.00009 0.99275 9
H 0.01022 0.00034 0.98943 9
H 0.01714 0.00046 0.98240 9
H 0.04446 0.00122 0.95432 9
H 0.23603 0.00270 0.76127 5
C 0.51290 0.00354 0.48356 0
C 0.96484 0.00226 0.03290 9
H 0.07274 0.00261 0.92465 8
H 0.18329 0.00400 0.81272 6
H 0.04701 0.00269 0.95030 9
H 0.01477 0.00064 0.98459 9
H 0.00841 0.00022 0.99137 9
H 0.00676 0.00016 0.99309 9
H 0.00707 0.00014 0.99279 9
H 0.00613 0.00012 0.99375 9
H 0.00781 0.00018 0.99201 9
H 0.01579 0.00027 0.98394 9
H 0.06491 0.00181 0.93329 8
H 0.31013 0.00666 0.68321 3
C 0.71234 0.00792 0.27975 4
C 0.78842 0.00716 0.20442 5
C 0.93527 0.01086 0.05387 8
C 0.95090 0.01462 0.03447 9
C 0.96320 0.01540 0.02140 9
C 0.95461 0.01782 0.02757 9
C 0.94824 0.02951 0.02226 9
C 0.93406 0.03457 0.03137 9
C 0.94766 0.02997 0.02236 9
C 0.95612 0.02181 0.02207 9
C 0.96202 0.01422 0.02376 9
C 0.92220 0.01591 0.06190 8
C 0.50408 0.01866 0.47725 0
C 0.59775 0.01083 0.39141 2
C 0.72022 0.00946 0.27032 4
C 0.96259 0.01339 0.02401 9
C 0.97015 0.00904 0.02081 9
H 0.05179 0.00214 0.94606 8
H 0.02498 0.00103 0.97398 9
H 0.01398 0.00063 0.98539 9
H 0.01250 0.00070 0.98680 9
H 0.01690 0.00053 0.98257 9
H 0.04111 0.00216 0.95673 9
H 0.09367 0.00357 0.90277 8
H 0.44046 0.01008 0.54946 1
C 0.75807 0.01236 0.22957 5
C 0.90550 0.01234 0.08216 8
C 0.90152 0.01483 0.08365 8
C 0.91158 0.01058 0.07784 8
C 0.83752 0.01011 0.15237 6
C 0.82616 0.01288 0.16097 6
C 0.74251 0.01903 0.23846 5
C 0.72848 0.05726 0.21426 5
C 0.74629 0.07324 0.18047 5
C 0.67520 0.05834 0.26646 4
H 0.49343 0.01172 0.49485 0
H 0.21386 0.01158 0.77456 5
H 0.20535 0.02402 0.77063 5
H 0.24176 0.03062 0.72762 4
H 0.32673 0.07941 0.59386 2
C 0.75519 0.05670 0.18810 5
C 0.99445 0.00290 0.00265 9
