C 0.99052 0.00651 0.00297 9
C 0.95836 0.02310 0.01854 9
C 0.92312 0.02787 0.04901 8
C 0.84568 0.04311 0.11122 7
C 0.74154 0.11400 0.14446 6
C 0.60677 0.32639 0.06683 2
E 0.36400 0.61744 0.01856 2
E 0.05232 0.94276 0.00491 8
E 0.01661 0.98274 0.00065 9
E 0.01169 0.98772 0.00059 9
E 0.03245 0.96571 0.00184 9
E 0.17107 0.82551 0.00342 6
C 0.98306 0.01502 0.00192 9
C 0.98054 0.01717 0.00228 9
E 0.05610 0.94174 0.00216 8
E 0.01063 0.98877 0.00060 9
E 0.00972 0.98989 0.00038 9
E 0.00889 0.99073 0.00038 9
E 0.01447 0.98528 0.00025 9
E 0.04464 0.95429 0.00107 9
C 0.88465 0.11055 0.00480 7
C 0.90608 0.03817 0.05575 8
H 0.38108 0.00712 0.61180 2
H 0.32263 0.00622 0.67115 3
H 0.19316 0.00211 0.80473 6
C 0.87968 0.01184 0.10848 7
C 0.91136 0.02192 0.06673 8
C 0.91972 0.03832 0.04196 8
C 0.95601 0.02393 0.02007 9
C 0.96506 0.01277 0.02217 9
H 0.03135 0.00051 0.96814 9
H 0.01527 0.00029 0.98445 9
H 0.00994 0.00023 0.98983 9
H 0.00677 0.00024 0.99299 9
H 0.00658 0.00014 0.99328 9
H 0.00691 0.00013 0.99295 9
H 0.00704 0.00020 0.99277 9
H 0.00633 0.00013 0.99353 9
H 0.00655 0.00013 0.99333 9
H 0.00687 0.00015 0.99298 9
H 0.00708 0.00021 0.99271 9
H 0.01606 0.00062 0.98332 9
H 0.04315 0.00134 0.95550 9
H 0.05821 0.00240 0.93939 8
H 0.15252 0.00436 0.84312 6
H 0.31566 0.00266 0.68169 3
C 0.93090 0.00745 0.06165 8
C 0.96699 0.01253 0.02048 9
C 0.89197 0.08296 0.02506 8
C 0.64119 0.33585 0.02296 3
C 0.54722 0.43715 0.01563 1
E 0.04420 0.95174 0.00406 9
E 0.00976 0.98996 0.00028 9
E 0.00779 0.99197 0.00024 9
E 0.00969 0.99011 0.00021 9
E 0.03262 0.96623 0.00115 9
E 0.35068 0.64326 0.00606 2
C 0.89524 0.09500 0.00976 8
C 0.95889 0.02358 0.01754 9
C 0.95484 0.02331 0.02185 9
C 0.91307 0.06120 0.02573 8
C 0.69962 0.26184 0.03854 4
C 0.58680 0.38903 0.02417 1
C 0.54776 0.42666 0.02558 1
C 0.80065 0.17746 0.02190 6
C 0.85300 0.10800 0.03900 7
C 0.76994 0.18389 0.04616 5
C 0.90380 0.06519 0.03101 8
H 0.16724 0.00795 0.82481 6
H 0.08097 0.00480 0.91423 8
H 0.06497 0.00427 0.93075 8
H 0.13947 0.01329 0.84724 7
H 0.23738 0.01405 0.74857 5
H 0.38172 0.01027 0.60802 2
H 0.47702 0.00985 0.51313 0
C 0.58120 0.00904 0.40976 1
C 0.61436 0.00848 0.37716 2
C 0.66059 0.00768 0.33173 3
C 0.66730 0.00693 0.32577 3
H 0.40667 0.00603 0.58730 1
H 0.20455 0.00699 0.78845 5
H 0.17106 0.00610 0.82284 6
H 0.06419 0.00398 0.93183 8
H 0.04016 0.00189 0.95795 9
H 0.04124 0.00173 0.95703 9
H 0.03595 0.00170 0.96236 9
H 0.02182 0.00085 0.97734 9
H 0.01987 0.00067 0.97946 9
H 0.01870 0.00062 0.98069 9
H 0.01325 0.00037 0.98638 9
H 0.00933 0.00021 0.99046 9
H 0.00774 0.00016 0.99210 9
H 0.00659 0.00015 0.99326 9
H 0.00561 0.00017 0.99422 9
H 0.00661 0.00023 0.99317 9
H 0.00884 0.00021 0.99095 9
H 0.02880 0.00113 0.97007 9
H 0.16166 0.00273 0.83561 6
H 0.41978 0.00510 0.57512 1
C 0.94346 0.00598 0.05056 8
C 0.97749 0.00714 0.01537 9
C 0.95185 0.03427 0.01389 9
C 0.63142 0.35749 0.01109 2
E 0.03879 0.95977 0.00145 9
E 0.01166 0.98774 0.00060 9
E 0.00845 0.99108 0.00046 9
E 0.01938 0.97978 0.00084 9
E 0.04324 0.95514 0.00162 9
C 0.94338 0.05299 0.00363 8
C 0.94496 0.04800 0.00704 9
E 0.07312 0.92300 0.00388 8
E 0.14569 0.83075 0.02356 6
E 0.20709 0.75751 0.03540 5
C 0.67115 0.15248 0.17637 4
H 0.15661 0.01404 0.82936 6
H 0.09934 0.02561 0.87505 7
H 0.04392 0.01352 0.94256 8
H 0.03543 0.02518 0.93939 9
H 0.04237 0.02045 0.93718 8
H 0.06073 0.00554 0.93372 8
H 0.16121 0.00505 0.83374 6
H 0.29727 0.00740 0.69534 3
C 0.95967 0.00935 0.03098 9
C 0.96973 0.02810 0.00217 9
E 0.05688 0.94026 0.00286 8
E 0.01731 0.98198 0.00072 9
E 0.01142 0.98795 0.00063 9
E 0.04237 0.95448 0.00316 9
C 0.52260 0.46668 0.01072 0
C 0.90795 0.07801 0.01404 8
C 0.97114 0.01683 0.01203 9
C 0.90573 0.09020 0.00407 8
E 0.05128 0.94647 0.00225 8
E 0.02446 0.97373 0.00181 9
E 0.14959 0.84726 0.00315 7
C 0.85584 0.13541 0.00875 7
C 0.71638 0.09275 0.19087 5
H 0.16706 0.02591 0.80704 6
H 0.22728 0.03123 0.74149 5
H 0.19073 0.06127 0.74799 5
H 0.38615 0.08600 0.52785 1
C 0.89451 0.03444 0.07105 8
C 0.91027 0.04789 0.04184 8
C 0.88972 0.07761 0.03267 8
C 0.88973 0.06073 0.04954 8
C 0.87865 0.04005 0.08129 7
C 0.79467 0.03396 0.17138 6
C 0.73091 0.02159 0.24750 4
H 0.06852 0.01072 0.92077 8
H 0.04573 0.03890 0.91537 8
H 0.03584 0.03459 0.92957 8
H 0.02642 0.01996 0.95362 9
H 0.03724 0.01831 0.94445 9
H 0.08488 0.00826 0.90686 8
H 0.15717 0.00763 0.83520 6
H 0.25967 0.00299 0.73734 4
H 0.28336 0.00417 0.71247 4
H 0.12903 0.00479 0.86619 7
H 0.04912 0.00279 0.94810 8
H 0.02415 0.00162 0.97423 9
H 0.00958 0.00099 0.98944 9
H 0.00617 0.00021 0.99362 9
H 0.00697 0.00029 0.99273 9
H 0.00988 0.00087 0.98924 9
H 0.02753 0.00356 0.96892 9
H 0.10393 0.00330 0.89277 7
C 0.58441 0.00502 0.41056 1
C 0.95428 0.00328 0.04245 9
C 0.97001 0.00639 0.02359 9
C 0.95158 0.02200 0.02641 9
C 0.90382 0.07051 0.02567 8
C 0.93689 0.04000 0.02311 8
H 0.05235 0.00241 0.94524 8
H 0.01936 0.00085 0.97980 9
H 0.01241 0.00077 0.98682 9
H 0.01297 0.00056 0.98647 9
H 0.04167 0.00100 0.95733 9
H 0.06661 0.00124 0.93215 8
C 0.71317 0.00633 0.28050 4
C 0.98137 0.00327 0.01536 9
C 0.96040 0.01140 0.02819 9
C 0.69372 0.13072 0.17556 5
C 0.75574 0.10166 0.14260 6
E 0.09268 0.81170 0.09562 7
E 0.12834 0.82243 0.04923 6
C 0.56355 0.42087 0.01558 1
C 0.94290 0.03119 0.02591 9
H 0.10256 0.00219 0.89525 7
H 0.09245 0.00315 0.90439 8
H 0.10443 0.00383 0.89174 7
H 0.05498 0.00166 0.94336 8
H 0.02902 0.00146 0.96952 9
H 0.02733 0.00131 0.97136 9
H 0.02009 0.00111 0.97880 9
H 0.01376 0.00038 0.98586 9
H 0.02510 0.00112 0.97378 9
H 0.04188 0.00220 0.95593 9
H 0.06147 0.00360 0.93493 8
H 0.16570 0.00609 0.82821 6
H 0.44803 0.00859 0.54338 0
C 0.59987 0.00866 0.39147 2
C 0.71681 0.00863 0.27456 4
C 0.72839 0.01157 0.26004 4
C 0.80705 0.01182 0.18113 6
C 0.89883 0.01071 0.09045 8
H 0.14339 0.00422 0.85239 7
H 0.11396 0.00359 0.88245 7
H 0.03688 0.00163 0.96149 9
H 0.01101 0.00041 0.98857 9
H 0.00736 0.00020 0.99244 9
H 0.00638 0.00013 0.99350 9
H 0.00647 0.00014 0.99339 9
H 0.00723 0.00016 0.99261 9
H 0.01552 0.00046 0.98402 9
H 0.05578 0.00312 0.94110 8
H 0.15718 0.00577 0.83705 6
H 0.21068 0.00677 0.78255 5
H 0.22698 0.01170 0.76132 5
H 0.40781 0.00983 0.58236 1
C 0.55035 0.01448 0.43517 1
C 0.66626 0.01534 0.31840 3
C 0.71868 0.01551 0.26580 4
C 0.78160 0.01308 0.20532 5
C 0.86871 0.00762 0.12367 7
C 0.86466 0.00862 0.12672 7
C 0.78728 0.00970 0.20302 5
C 0.53920 0.00944 0.45137 0
H 0.43421 0.00725 0.55854 1
H 0.30511 0.00627 0.68862 3
H 0.22010 0.00424 0.77567 5
H 0.09123 0.00562 0.90315 8
H 0.06686 0.00417 0.92897 8
H 0.03527 0.00199 0.96274 9
H 0.01289 0.00040 0.98671 9
H 0.00727 0.00016 0.99257 9
H 0.00598 0.00014 0.99388 9
H 0.00757 0.00019 0.99224 9
H 0.01302 0.00052 0.98645 9
H 0.04055 0.00143 0.95802 9
H 0.11902 0.00343 0.87755 7
C 0.51898 0.00556 0.47546 0
C 0.91714 0.00345 0.07941 8
C 0.90411 0.00536 0.09052 8
C 0.83855 0.01270 0.14875 6
C 0.84715 0.01112 0.14173 7
H 0.04918 0.00203 0.94879 9
H 0.01875 0.00116 0.98009 9
H 0.01159 0.00041 0.98800 9
H 0.00766 0.00029 0.99205 9
H 0.00783 0.00019 0.99197 9
H 0.01148 0.00029 0.98823 9
H 0.02925 0.00116 0.96959 9
H 0.06719 0.00228 0.93053 8
H 0.16879 0.00432 0.82689 6
H 0.37191 0.00580 0.62229 2
C 0.66025 0.00481 0.33494 3
C 0.92318 0.00365 0.07317 8
H 0.36019 0.00551 0.63431 2
H 0.12878 0.00512 0.86610 7
H 0.04344 0.00234 0.95422 9
H 0.01358 0.00060 0.98582 9
H 0.00704 0.00020 0.99276 9
H 0.00592 0.00013 0.99395 9
H 0.00635 0.00014 0.99351 9
H 0.00561 0.00012 0.99426 9
H 0.00743 0.00014 0.99243 9
H 0.01383 0.00040 0.98577 9
H 0.02829 0.00075 0.97096 9
H 0.11077 0.00268 0.88655 7
H 0.39515 0.00473 0.60012 2
C 0.63539 0.00385 0.36076 2
C 0.96363 0.00297 0.03339 9
H 0.09324 0.00233 0.90443 8
H 0.03409 0.00098 0.96492 9
H 0.02007 0.00088 0.97905 9
H 0.00939 0.00054 0.99007 9
H 0.00664 0.00017 0.99319 9
H 0.00605 0.00013 0.99382 9
H 0.00638 0.00016 0.99347 9
H 0.00556 0.00011 0.99432 9
H 0.00549 0.00011 0.99440 9
H 0.00564 0.00012 0.99423 9
H 0.00809 0.00019 0.99173 9
H 0.03007 0.00121 0.96872 9
H 0.09555 0.00360 0.90085 8
H 0.25811 0.00515 0.73674 4
H 0.43762 0.00694 0.55544 1
C 0.58823 0.00713 0.40465 1
C 0.88250 0.00450 0.11301 7
C 0.93167 0.00658 0.06175 8
H 0.04488 0.00120 0.95392 9
H 0.02347 0.00086 0.97568 9
H 0.01415 0.00048 0.98538 9
H 0.00741 0.00032 0.99227 9
H 0.00603 0.00013 0.99384 9
H 0.00644 0.00013 0.99343 9
H 0.00719 0.00018 0.99263 9
H 0.00644 0.00015 0.99342 9
H 0.00622 0.00013 0.99366 9
H 0.00586 0.00012 0.99402 9
H 0.00587 0.00014 0.99399 9
H 0.00602 0.00012 0.99386 9
H 0.00935 0.00030 0.99036 9
H 0.01902 0.00077 0.98021 9
H 0.07232 0.00261 0.92507 8
H 0.34140 0.00326 0.65534 3
C 0.54139 0.00651 0.45210 0
C 0.96404 0.00455 0.03141 9
C 0.48989 0.00922 0.50088 0
C 0.50605 0.01098 0.48297 0
H 0.09162 0.00609 0.90229 8
H 0.06102 0.03178 0.90720 8
H 0.07774 0.03248 0.88978 8
H 0.16044 0.29435 0.54522 2
H 0.15169 0.33398 0.51433 1
H 0.04017 0.45700 0.50283 0
H 0.01398 0.48852 0.49750 0
E 0.01259 0.49471 0.49270 0
E 0.03848 0.49436 0.46716 0
E 0.18580 0.46959 0.34462 1
C 0.60899 0.24722 0.14379 3
C 0.84968 0.04110 0.10922 7
C 0.94263 0.01903 0.03833 9
C 0.95055 0.01849 0.03096 9
C 0.95816 0.01861 0.02323 9
C 0.94409 0.02254 0.03336 9
C 0.93238 0.03793 0.02969 8
C 0.91534 0.04186 0.04280 8
C 0.92994 0.03434 0.03572 8
C 0.90013 0.03605 0.06382 8
C 0.92231 0.01798 0.05971 8
C 0.87317 0.01786 0.10897 7
C 0.35041 0.01594 0.63364 2
C 0.50344 0.00862 0.48794 0
C 0.60056 0.00713 0.39231 2
C 0.96238 0.01050 0.02712 9
C 0.97029 0.00921 0.02050 9
H 0.04532 0.00146 0.95322 9
H 0.02168 0.00108 0.97724 9
H 0.01370 0.00085 0.98545 9
H 0.01187 0.00075 0.98739 9
H 0.01727 0.00087 0.98185 9
H 0.03680 0.00268 0.96052 9
H 0.09460 0.00698 0.89843 8
H 0.37378 0.01016 0.61605 2
C 0.73687 0.01126 0.25187 4
C 0.89752 0.01137 0.09111 8
C 0.89021 0.01412 0.09566 7
C 0.89044 0.01226 0.09729 7
C 0.83215 0.01145 0.15640 6
C 0.81629 0.01534 0.16836 6
C 0.78669 0.02168 0.19163 5
C 0.74974 0.07775 0.17251 5
C 0.72660 0.14800 0.12540 5
C 0.72570 0.10852 0.16577 5
C 0.68552 0.01731 0.29716 3
H 0.20549 0.01239 0.78211 5
H 0.21172 0.02732 0.76096 5
H 0.24439 0.02953 0.72608 4
H 0.38810 0.06209 0.54981 1
C 0.79144 0.04792 0.16065 6
C 0.99345 0.00410 0.00245 9
