C 0.98948 0.00796 0.00256 9
C 0.94943 0.01965 0.03091 9
C 0.89817 0.03841 0.06343 8
C 0.81398 0.05544 0.13058 6
C 0.75307 0.12782 0.11911 6
C 0.55759 0.33515 0.10726 2
E 0.15081 0.84638 0.00281 6
E 0.03126 0.96606 0.00269 9
E 0.01376 0.98586 0.00038 9
E 0.01773 0.98187 0.00040 9
E 0.02014 0.97930 0.00056 9
E 0.09084 0.90515 0.00401 8
C 0.99167 0.00696 0.00137 9
C 0.96657 0.03165 0.00177 9
E 0.05821 0.93980 0.00199 8
E 0.01406 0.98525 0.00070 9
E 0.00670 0.99307 0.00024 9
E 0.00736 0.99260 0.00004 9
E 0.01970 0.97991 0.00039 9
E 0.05626 0.94289 0.00085 8
C 0.96403 0.03444 0.00153 9
C 0.97695 0.00937 0.01369 9
H 0.12956 0.00377 0.86668 7
H 0.05558 0.00091 0.94351 8
H 0.04647 0.00104 0.95249 9
H 0.44735 0.00488 0.54777 1
C 0.55418 0.01345 0.43237 1
C 0.76827 0.00997 0.22176 5
C 0.93488 0.00974 0.05537 8
C 0.95806 0.00801 0.03393 9
H 0.04311 0.00098 0.95591 9
H 0.02069 0.00044 0.97887 9
H 0.00939 0.00037 0.99024 9
H 0.00577 0.00010 0.99413 9
H 0.00658 0.00008 0.99334 9
H 0.00637 0.00011 0.99352 9
H 0.00617 0.00004 0.99379 9
H 0.00531 0.00006 0.99463 9
H 0.00586 0.00009 0.99405 9
H 0.00669 0.00010 0.99322 9
H 0.00774 0.00007 0.99219 9
H 0.00868 0.00009 0.99124 9
H 0.01184 0.00020 0.98796 9
H 0.02640 0.00044 0.97316 9
H 0.13015 0.00317 0.86668 7
H 0.45447 0.00348 0.54205 0
C 0.97815 0.00328 0.01857 9
C 0.96121 0.00992 0.02887 9
C 0.92318 0.06088 0.01594 8
C 0.44637 0.54292 0.01071 0
C 0.51561 0.47164 0.01275 0
E 0.03252 0.96575 0.00173 9
E 0.01000 0.98975 0.00024 9
E 0.00937 0.99050 0.00013 9
E 0.02299 0.97626 0.00075 9
E 0.32296 0.67191 0.00514 3
E 0.47995 0.51167 0.00838 0
C 0.90460 0.08120 0.01419 8
C 0.96477 0.01614 0.01909 9
C 0.90702 0.04263 0.05034 8
C 0.73892 0.19362 0.06747 5
E 0.45047 0.49706 0.05246 0
E 0.43151 0.48264 0.08584 0
E 0.44730 0.51004 0.04266 0
C 0.78200 0.12578 0.09222 6
C 0.82861 0.07262 0.09878 7
C 0.84060 0.01714 0.14225 7
C 0.79675 0.02018 0.18307 6
H 0.08023 0.00747 0.91230 8
H 0.03487 0.00553 0.95959 9
H 0.02241 0.00759 0.97000 9
H 0.03432 0.02942 0.93626 9
H 0.11630 0.06313 0.82057 7
H 0.22598 0.03851 0.73551 5
C 0.49623 0.01158 0.49219 0
C 0.58787 0.00835 0.40378 1
C 0.54867 0.00687 0.44446 1
C 0.90106 0.00392 0.09501 8
C 0.91301 0.00692 0.08007 8
H 0.48971 0.00729 0.50300 0
H 0.26577 0.00937 0.72486 4
H 0.09378 0.00594 0.90028 8
H 0.03130 0.00134 0.96736 9
H 0.01537 0.00024 0.98439 9
H 0.01097 0.00014 0.98889 9
H 0.00915 0.00009 0.99076 9
H 0.00646 0.00005 0.99349 9
H 0.00621 0.00005 0.99373 9
H 0.00656 0.00006 0.99338 9
H 0.00639 0.00007 0.99354 9
H 0.00631 0.00008 0.99361 9
H 0.00659 0.00013 0.99328 9
H 0.00625 0.00009 0.99366 9
H 0.00632 0.00005 0.99363 9
H 0.00700 0.00006 0.99294 9
H 0.01012 0.00013 0.98975 9
H 0.03306 0.00074 0.96619 9
H 0.14042 0.00324 0.85634 7
C 0.52562 0.00701 0.46737 0
C 0.95703 0.00556 0.03740 9
C 0.96992 0.01035 0.01974 9
C 0.96729 0.01689 0.01583 9
C 0.91609 0.07466 0.00925 8
E 0.09097 0.90693 0.00211 8
E 0.01949 0.97951 0.00100 9
E 0.02559 0.97102 0.00339 9
E 0.02953 0.96839 0.00208 9
E 0.06920 0.92232 0.00847 8
C 0.49846 0.48710 0.01443 0
C 0.76193 0.23201 0.00605 5
E 0.15394 0.83821 0.00785 6
E 0.05384 0.94049 0.00567 8
E 0.07262 0.92435 0.00302 8
C 0.82326 0.16997 0.00677 6
C 0.86624 0.08345 0.05031 7
C 0.69043 0.22108 0.08849 4
E 0.39247 0.51983 0.08770 1
E 0.10687 0.87268 0.02044 7
E 0.05264 0.93901 0.00835 8
E 0.09461 0.89991 0.00548 8
E 0.37322 0.60891 0.01787 2
C 0.49739 0.49067 0.01194 0
C 0.94987 0.03966 0.01047 9
C 0.95259 0.04634 0.00107 9
E 0.05094 0.94755 0.00151 8
E 0.02293 0.97617 0.00091 9
E 0.02036 0.97925 0.00039 9
E 0.04652 0.95212 0.00136 9
C 0.77646 0.21634 0.00721 5
C 0.92366 0.06234 0.01401 8
C 0.86814 0.09704 0.03482 7
C 0.55189 0.39761 0.05049 1
E 0.29359 0.64907 0.05733 3
E 0.32641 0.61935 0.05425 2
C 0.51624 0.43630 0.04747 0
C 0.81890 0.14587 0.03523 6
C 0.72713 0.11044 0.16243 5
C 0.56745 0.06806 0.36448 2
C 0.47476 0.10099 0.42425 0
C 0.49848 0.16414 0.33738 1
C 0.39743 0.42776 0.17481 0
C 0.63379 0.31514 0.05107 3
C 0.63361 0.32739 0.03900 3
C 0.74508 0.23604 0.01888 5
C 0.88319 0.08972 0.02709 7
C 0.90335 0.04960 0.04704 8
C 0.85939 0.03106 0.10955 7
C 0.83504 0.03773 0.12723 7
C 0.28770 0.22929 0.48301 1
E 0.23525 0.40445 0.36029 0
E 0.14438 0.46740 0.38823 0
E 0.15355 0.52284 0.32361 2
H 0.24750 0.17660 0.57590 3
H 0.31890 0.03591 0.64519 3
H 0.23562 0.01737 0.74701 5
C 0.74412 0.00874 0.24714 4
C 0.76247 0.00779 0.22974 5
H 0.37503 0.00535 0.61963 2
H 0.13485 0.01275 0.85241 7
H 0.12265 0.00915 0.86820 7
H 0.05141 0.01851 0.93008 8
H 0.03334 0.01862 0.94804 9
H 0.04060 0.03543 0.92397 8
H 0.03544 0.05340 0.91116 8
H 0.07261 0.07731 0.85007 7
H 0.19791 0.02231 0.77978 5
H 0.39111 0.02375 0.58514 1
C 0.58886 0.02128 0.38985 1
C 0.78516 0.04390 0.17094 6
C 0.71115 0.16136 0.12749 5
C 0.85331 0.11919 0.02750 7
C 0.95624 0.02469 0.01907 9
H 0.05113 0.00149 0.94738 8
H 0.02421 0.00051 0.97528 9
H 0.01236 0.00049 0.98714 9
H 0.00913 0.00032 0.99056 9
H 0.03160 0.00174 0.96666 9
H 0.11805 0.02523 0.85672 7
C 0.71855 0.01637 0.26507 4
C 0.93975 0.01867 0.04157 8
C 0.73211 0.08354 0.18434 5
C 0.70025 0.14274 0.15701 5
C 0.73973 0.19070 0.06957 5
E 0.09579 0.86980 0.03441 7
E 0.07279 0.91871 0.00850 8
E 0.19103 0.80331 0.00566 6
C 0.75478 0.23187 0.01336 5
H 0.05891 0.00214 0.93894 8
H 0.07500 0.00344 0.92156 8
H 0.16444 0.00297 0.83260 6
H 0.04272 0.00172 0.95556 9
H 0.01698 0.00050 0.98253 9
H 0.01516 0.00053 0.98431 9
H 0.00713 0.00019 0.99268 9
H 0.00585 0.00006 0.99409 9
H 0.00612 0.00006 0.99382 9
H 0.00925 0.00014 0.99061 9
H 0.02524 0.00034 0.97442 9
H 0.10097 0.00246 0.89657 7
H 0.42696 0.00372 0.56932 1
C 0.86722 0.00469 0.12809 7
C 0.91036 0.00657 0.08308 8
C 0.89472 0.00584 0.09944 7
C 0.86857 0.00802 0.12341 7
C 0.84174 0.00716 0.15110 6
H 0.29918 0.00826 0.69257 3
H 0.31438 0.00692 0.67870 3
H 0.29349 0.00412 0.70239 4
H 0.03499 0.00131 0.96371 9
H 0.01134 0.00099 0.98767 9
H 0.00799 0.00065 0.99136 9
H 0.00652 0.00015 0.99333 9
H 0.00566 0.00015 0.99419 9
H 0.01221 0.00026 0.98753 9
H 0.03015 0.00079 0.96906 9
H 0.10429 0.00507 0.89064 7
H 0.33846 0.00614 0.65539 3
C 0.55553 0.00954 0.43493 1
C 0.72961 0.01132 0.25907 4
C 0.76807 0.01356 0.21837 5
C 0.84544 0.00957 0.14499 7
C 0.81463 0.00997 0.17540 6
C 0.89009 0.01202 0.09790 7
C 0.92558 0.01402 0.06039 8
C 0.94915 0.01028 0.04057 9
C 0.73793 0.00919 0.25288 4
H 0.44069 0.00656 0.55276 1
H 0.23831 0.00760 0.75410 5
H 0.24306 0.00598 0.75095 5
H 0.08797 0.00416 0.90787 8
H 0.01685 0.00066 0.98249 9
H 0.01169 0.00024 0.98806 9
H 0.00978 0.00009 0.99013 9
H 0.00607 0.00013 0.99379 9
H 0.00607 0.00009 0.99384 9
H 0.00616 0.00005 0.99379 9
H 0.00612 0.00005 0.99383 9
H 0.00982 0.00010 0.99007 9
H 0.02652 0.00030 0.97317 9
H 0.06665 0.00162 0.93173 8
C 0.60001 0.00620 0.39380 2
C 0.94789 0.00381 0.04829 9
C 0.96811 0.00513 0.02676 9
C 0.95931 0.01034 0.03035 9
C 0.96725 0.00873 0.02402 9
H 0.03670 0.00039 0.96291 9
H 0.01641 0.00017 0.98341 9
H 0.00867 0.00027 0.99106 9
H 0.00587 0.00045 0.99367 9
H 0.00744 0.00025 0.99231 9
H 0.00787 0.00047 0.99166 9
H 0.01199 0.00042 0.98760 9
H 0.01988 0.00031 0.97981 9
H 0.07156 0.00145 0.92699 8
H 0.22014 0.00550 0.77436 5
C 0.76138 0.00296 0.23566 5
C 0.95497 0.00317 0.04186 9
C 0.93561 0.00470 0.05968 8
H 0.17580 0.00489 0.81931 6
H 0.07264 0.00275 0.92461 8
H 0.02107 0.00072 0.97821 9
H 0.00689 0.00014 0.99297 9
H 0.00669 0.00015 0.99316 9
H 0.00638 0.00024 0.99338 9
H 0.00636 0.00021 0.99343 9
H 0.00819 0.00007 0.99174 9
H 0.01231 0.00017 0.98752 9
H 0.02207 0.00020 0.97773 9
H 0.07605 0.00286 0.92109 8
C 0.54778 0.00496 0.44726 1
C 0.94318 0.00281 0.05401 8
C 0.97880 0.00232 0.01888 9
H 0.16301 0.00389 0.83310 6
H 0.04852 0.00369 0.94780 8
H 0.02197 0.00252 0.97551 9
H 0.00793 0.00016 0.99191 9
H 0.00660 0.00011 0.99329 9
H 0.00594 0.00008 0.99398 9
H 0.00584 0.00008 0.99408 9
H 0.00520 0.00006 0.99475 9
H 0.00582 0.00008 0.99411 9
H 0.00618 0.00008 0.99375 9
H 0.01220 0.00016 0.98764 9
H 0.02905 0.00049 0.97046 9
H 0.09448 0.00358 0.90194 8
C 0.52301 0.00821 0.46878 0
C 0.67533 0.00703 0.31764 3
C 0.89624 0.00402 0.09974 8
C 0.96660 0.00426 0.02914 9
C 0.97830 0.00607 0.01563 9
H 0.03641 0.00053 0.96306 9
H 0.01561 0.00022 0.98417 9
H 0.00901 0.00037 0.99061 9
H 0.00576 0.00010 0.99414 9
H 0.00665 0.00008 0.99327 9
H 0.00677 0.00012 0.99310 9
H 0.00664 0.00004 0.99331 9
H 0.00578 0.00005 0.99417 9
H 0.00547 0.00007 0.99446 9
H 0.00530 0.00007 0.99463 9
H 0.00545 0.00007 0.99448 9
H 0.00597 0.00008 0.99395 9
H 0.00858 0.00022 0.99120 9
H 0.01747 0.00086 0.98167 9
H 0.05172 0.00325 0.94504 8
H 0.17330 0.00589 0.82080 6
H 0.20145 0.00792 0.79063 5
C 0.89921 0.00245 0.09834 8
C 0.95949 0.00437 0.03614 9
C 0.87409 0.01646 0.10945 7
H 0.32278 0.02071 0.65651 3
H 0.22017 0.08184 0.69799 4
H 0.26009 0.10429 0.63562 3
H 0.32970 0.28610 0.38420 0
E 0.30625 0.45591 0.23784 1
E 0.23120 0.63070 0.13810 4
E 0.05849 0.83016 0.11135 7
E 0.02995 0.76752 0.20253 5
E 0.05663 0.82811 0.11526 7
E 0.14384 0.81358 0.04257 6
C 0.58607 0.39786 0.01608 1
C 0.91473 0.06444 0.02084 8
C 0.95361 0.02377 0.02262 9
C 0.95635 0.02062 0.02303 9
C 0.95968 0.01824 0.02208 9
C 0.94806 0.02052 0.03142 9
C 0.93610 0.03061 0.03329 9
C 0.94233 0.02419 0.03348 9
C 0.94576 0.02881 0.02542 9
C 0.90829 0.03785 0.05386 8
C 0.94679 0.01360 0.03961 9
C 0.89600 0.01693 0.08707 8
H 0.14208 0.00347 0.85445 7
H 0.25444 0.00409 0.74147 4
H 0.16602 0.00114 0.83285 6
C 0.95011 0.00634 0.04355 9
C 0.96719 0.00843 0.02438 9
H 0.04343 0.00110 0.95546 9
H 0.03197 0.00131 0.96672 9
H 0.01705 0.00068 0.98227 9
H 0.01272 0.00159 0.98569 9
H 0.01407 0.00063 0.98530 9
H 0.04584 0.00142 0.95274 9
H 0.11188 0.00533 0.88279 7
C 0.69884 0.00690 0.29426 4
C 0.94124 0.00818 0.05058 8
C 0.96684 0.00903 0.02413 9
C 0.94718 0.01310 0.03971 9
C 0.90380 0.01356 0.08264 8
C 0.74697 0.01743 0.23560 5
C 0.70313 0.02371 0.27316 4
C 0.73976 0.03009 0.23015 5
C 0.90296 0.02487 0.07218 8
C 0.94502 0.01666 0.03832 9
C 0.81330 0.01790 0.16881 6
C 0.65662 0.00704 0.33634 3
H 0.36165 0.01686 0.62149 2
H 0.40134 0.02348 0.57518 1
C 0.59885 0.01621 0.38493 2
C 0.72310 0.03628 0.24062 4
C 0.73907 0.06293 0.19799 5
C 0.99137 0.00553 0.00310 9
