0.99344 0.00370 0.00285 C 9
0.93017 0.02994 0.03989 C 8
0.84697 0.02524 0.12779 C 7
0.82388 0.02410 0.15201 C 6
0.69134 0.06566 0.24300 C 4
0.64273 0.18069 0.17658 C 4
0.47259 0.47656 0.05085 E 0
0.06165 0.93640 0.00196 E 8
0.02935 0.96906 0.00160 E 9
0.04407 0.95489 0.00104 E 9
0.07452 0.92331 0.00217 E 8
0.17550 0.82221 0.00229 E 6
0.93477 0.04879 0.01644 C 8
0.88587 0.10170 0.01243 C 7
0.09718 0.90175 0.00107 E 8
0.01282 0.98685 0.00033 E 9
0.00639 0.99356 0.00005 E 9
0.00615 0.99351 0.00034 E 9
0.00936 0.99005 0.00059 E 9
0.05223 0.94653 0.00123 E 8
0.77057 0.22292 0.00651 C 5
0.93860 0.04917 0.01222 C 8
0.60669 0.01972 0.37359 C 2
0.67253 0.01755 0.30992 C 3
0.53304 0.03306 0.43390 C 0
0.86879 0.05101 0.08020 C 7
0.84139 0.07318 0.08543 C 7
0.83010 0.11183 0.05807 C 7
0.89058 0.08220 0.02721 C 8
0.93358 0.05205 0.01437 C 8
0.03982 0.00023 0.95995 H 9
0.02371 0.00077 0.97552 H 9
0.01972 0.00052 0.97976 H 9
0.01097 0.00097 0.98806 H 9
0.01533 0.00092 0.98374 H 9
0.00794 0.00077 0.99130 H 9
0.00592 0.00029 0.99380 H 9
0.00720 0.00049 0.99232 H 9
0.01356 0.00069 0.98575 H 9
0.01807 0.00091 0.98102 H 9
0.01381 0.00074 0.98545 H 9
0.03799 0.00206 0.95994 H 9
0.10766 0.00568 0.88666 H 7
0.10532 0.00654 0.88815 H 7
0.17394 0.00200 0.82406 H 6
0.51072 0.00392 0.48536 C 0
0.91892 0.01025 0.07084 C 8
0.93733 0.02465 0.03803 C 8
0.79966 0.17021 0.03013 C 6
0.43094 0.55634 0.01272 E 1
0.33120 0.65986 0.00894 E 3
0.00963 0.99013 0.00024 E 9
0.00418 0.99576 0.00007 E 9
0.00511 0.99477 0.00012 E 9
0.01450 0.98458 0.00092 E 9
0.03930 0.95950 0.00120 E 9
0.35695 0.64032 0.00273 E 2
0.89595 0.09089 0.01316 C 8
0.92496 0.04682 0.02823 C 8
0.89529 0.05328 0.05143 C 8
0.87982 0.09247 0.02771 C 7
0.58100 0.36896 0.05004 C 2
0.36967 0.60355 0.02678 E 2
0.24349 0.73410 0.02241 E 4
0.56707 0.40510 0.02782 C 1
0.71737 0.26384 0.01879 C 4
0.67142 0.29292 0.03566 C 3
0.90580 0.07495 0.01925 C 8
0.19177 0.01421 0.79402 H 5
0.08238 0.00437 0.91325 H 8
0.07136 0.00809 0.92055 H 8
0.15219 0.01734 0.83047 H 6
0.20202 0.00977 0.78821 H 5
0.27780 0.01245 0.70975 H 4
0.45578 0.01527 0.52894 H 0
0.54851 0.01203 0.43946 C 1
0.57852 0.00705 0.41443 C 1
0.66127 0.00889 0.32984 C 3
0.74712 0.00958 0.24330 C 5
0.45777 0.00993 0.53231 H 0
0.17174 0.00350 0.82476 H 6
0.18814 0.00548 0.80639 H 6
0.07247 0.00103 0.92650 H 8
0.06013 0.00268 0.93719 H 8
0.06785 0.00261 0.92954 H 8
0.06445 0.00317 0.93238 H 8
0.02202 0.00169 0.97629 H 9
0.02294 0.00204 0.97502 H 9
0.03370 0.00272 0.96358 H 9
0.02602 0.00251 0.97147 H 9
0.01953 0.00411 0.97637 H 9
0.01289 0.00246 0.98465 H 9
0.00955 0.00084 0.98961 H 9
0.00680 0.00109 0.99211 H 9
0.00887 0.00093 0.99020 H 9
0.00911 0.00150 0.98939 H 9
0.01593 0.00105 0.98302 H 9
0.09913 0.00250 0.89837 H 8
0.40684 0.00407 0.58910 H 1
0.86414 0.00405 0.13181 C 7
0.98665 0.00558 0.00778 C 9
0.97679 0.02032 0.00289 C 9
0.73240 0.26407 0.00353 C 4
0.02337 0.97370 0.00293 E 9
0.01301 0.98331 0.00368 E 9
0.01289 0.98427 0.00284 E 9
0.05475 0.93163 0.01361 E 8
0.07419 0.92188 0.00394 E 8
0.77222 0.19552 0.03226 C 5
0.87283 0.09572 0.03146 C 7
0.18170 0.80692 0.01138 E 6
0.30744 0.61819 0.07437 E 3
0.35506 0.53477 0.11016 E 1
0.65604 0.12458 0.21938 C 4
0.19891 0.04024 0.76085 H 5
0.06982 0.01692 0.91327 H 8
0.05449 0.09508 0.85043 H 7
0.03396 0.02344 0.94260 H 9
0.02172 0.09156 0.88671 H 7
0.02075 0.01319 0.96606 H 9
0.10845 0.03975 0.85180 H 7
0.33069 0.02430 0.64501 H 3
0.92944 0.04060 0.02997 C 8
0.97488 0.02237 0.00276 C 9
0.04686 0.91763 0.03551 E 8
0.01909 0.97817 0.00274 E 9
0.01510 0.98240 0.00250 E 9
0.02503 0.97279 0.00218 E 9
0.40224 0.59192 0.00584 E 1
0.94812 0.04477 0.00711 C 9
0.91010 0.06073 0.02918 C 8
0.78233 0.20252 0.01515 C 5
0.07224 0.92579 0.00197 E 8
0.03194 0.96523 0.00283 E 9
0.07513 0.91777 0.00710 E 8
0.65370 0.33491 0.01140 C 3
0.75908 0.22600 0.01491 C 5
0.26900 0.04265 0.68836 H 4
0.52578 0.22083 0.25338 C 2
0.34155 0.17657 0.48187 H 1
0.51540 0.21029 0.27431 C 2
0.82278 0.12832 0.04890 C 6
0.85490 0.08990 0.05520 C 7
0.78144 0.20629 0.01227 C 5
0.82814 0.10258 0.06928 C 7
0.77139 0.08916 0.13945 C 6
0.69855 0.08247 0.21898 C 4
0.64623 0.11510 0.23867 C 4
0.09096 0.02349 0.88555 H 7
0.11621 0.10803 0.77577 H 6
0.08933 0.22795 0.68272 H 4
0.06498 0.17700 0.75802 H 5
0.08359 0.10870 0.80771 H 6
0.19372 0.04215 0.76413 H 5
0.30696 0.01328 0.67976 H 3
0.51277 0.02196 0.46527 C 0
0.60677 0.01435 0.37888 C 2
0.23596 0.00802 0.75602 H 5
0.07153 0.00267 0.92580 H 8
0.03536 0.00269 0.96195 H 9
0.01648 0.00331 0.98021 H 9
0.01067 0.00211 0.98722 H 9
0.00740 0.00187 0.99073 H 9
0.01687 0.01546 0.96767 H 9
0.02720 0.12289 0.84991 H 7
0.12705 0.01361 0.85934 H 7
0.48549 0.06121 0.45330 C 0
0.93673 0.01469 0.04858 C 8
0.93808 0.03901 0.02291 C 8
0.86021 0.11222 0.02757 C 7
0.88112 0.06570 0.05318 C 8
0.94926 0.03073 0.02000 C 9
0.03987 0.00048 0.95965 H 9
0.01922 0.00036 0.98042 H 9
0.00709 0.00065 0.99226 H 9
0.01285 0.00077 0.98638 H 9
0.02472 0.00175 0.97352 H 9
0.03741 0.00760 0.95499 H 9
0.58005 0.01541 0.40454 C 1
0.94322 0.01455 0.04224 C 8
0.93747 0.02737 0.03516 C 9
0.53950 0.26468 0.19582 C 2
0.56521 0.10052 0.33427 C 2
0.20579 0.50312 0.29108 E 2
0.27098 0.62047 0.10855 E 3
0.81962 0.13610 0.04428 C 6
0.92972 0.03094 0.03934 C 8
0.19506 0.00122 0.80372 H 6
0.15839 0.00075 0.84086 H 6
0.21174 0.00288 0.78538 H 5
0.03252 0.00062 0.96687 H 9
0.01103 0.00066 0.98830 H 9
0.01474 0.00110 0.98415 H 9
0.00641 0.00056 0.99303 H 9
0.00396 0.00038 0.99565 H 9
0.00698 0.00029 0.99273 H 9
0.01277 0.00118 0.98605 H 9
0.02340 0.00059 0.97601 H 9
0.10273 0.00306 0.89421 H 7
0.38539 0.00429 0.61031 H 2
0.60297 0.00658 0.39046 C 2
0.78892 0.00851 0.20256 C 5
0.71708 0.01720 0.26572 C 4
0.81934 0.02051 0.16015 C 6
0.89424 0.00566 0.10011 C 7
0.19539 0.00132 0.80329 H 6
0.14678 0.00208 0.85114 H 7
0.07346 0.00077 0.92578 H 8
0.01494 0.00051 0.98455 H 9
0.00928 0.00077 0.98995 H 9
0.00737 0.00106 0.99158 H 9
0.00744 0.00057 0.99199 H 9
0.00995 0.00080 0.98925 H 9
0.02561 0.00113 0.97325 H 9
0.04839 0.00179 0.94982 H 9
0.20629 0.00599 0.78772 H 5
0.30405 0.00801 0.68794 H 3
0.25345 0.00552 0.74102 H 4
0.42444 0.00785 0.56772 H 1
0.59376 0.01235 0.39389 C 1
0.71850 0.03007 0.25143 C 4
0.75993 0.01936 0.22071 C 5
0.76791 0.01753 0.21455 C 5
0.85394 0.01646 0.12960 C 7
0.85100 0.01517 0.13384 C 7
0.77157 0.01327 0.21516 C 5
0.62724 0.01563 0.35714 C 2
0.59272 0.01346 0.39382 C 1
0.37974 0.00908 0.61118 H 2
0.30367 0.00726 0.68908 H 3
0.08904 0.00432 0.90665 H 8
0.09100 0.00322 0.90578 H 8
0.05331 0.00089 0.94580 H 8
0.00956 0.00061 0.98984 H 9
0.01253 0.00091 0.98656 H 9
0.01140 0.00101 0.98759 H 9
0.01763 0.00113 0.98124 H 9
0.02538 0.00253 0.97209 H 9
0.05608 0.00599 0.93793 H 8
0.12747 0.00509 0.86744 H 7
0.45143 0.01096 0.53761 H 0
0.87617 0.01547 0.10835 C 7
0.77117 0.01328 0.21555 C 5
0.87287 0.00783 0.11930 C 7
0.86323 0.00822 0.12855 C 7
0.02492 0.00031 0.97477 H 9
0.01392 0.00052 0.98556 H 9
0.00906 0.00177 0.98917 H 9
0.00603 0.00039 0.99357 H 9
0.00805 0.00100 0.99095 H 9
0.01775 0.00071 0.98154 H 9
0.03784 0.00122 0.96094 H 9
0.06542 0.00066 0.93392 H 8
0.15322 0.00088 0.84590 H 6
0.38452 0.00350 0.61197 H 2
0.69218 0.00591 0.30191 C 3
0.93766 0.00238 0.05996 C 8
0.40344 0.00555 0.59100 H 1
0.12532 0.00231 0.87237 H 7
0.03489 0.00059 0.96452 H 9
0.00947 0.00042 0.99010 H 9
0.00722 0.00030 0.99248 H 9
0.00688 0.00070 0.99242 H 9
0.00625 0.00017 0.99358 H 9
0.00634 0.00034 0.99332 H 9
0.00928 0.00022 0.99050 H 9
0.01408 0.00072 0.98521 H 9
0.01928 0.00030 0.98042 H 9
0.13641 0.00131 0.86228 H 7
0.36254 0.00423 0.63323 H 2
0.45771 0.00307 0.53922 H 0
0.95588 0.00983 0.03429 C 9
0.18170 0.00808 0.81021 H 6
0.02552 0.00422 0.97026 H 9
0.01271 0.00398 0.98331 H 9
0.00719 0.00090 0.99191 H 9
0.00489 0.00069 0.99442 H 9
0.00678 0.00082 0.99239 H 9
0.00365 0.00034 0.99601 H 9
0.00508 0.00044 0.99447 H 9
0.00539 0.00039 0.99422 H 9
0.00501 0.00022 0.99477 H 9
0.00952 0.00050 0.98997 H 9
0.02066 0.00097 0.97837 H 9
0.03944 0.00120 0.95936 H 9
0.16545 0.00566 0.82889 H 6
0.35701 0.00429 0.63871 H 2
0.55435 0.00733 0.43832 C 1
0.84920 0.00853 0.14227 C 7
0.89667 0.01117 0.09216 C 8
0.03784 0.00046 0.96170 H 9
0.01212 0.00047 0.98741 H 9
0.01494 0.00071 0.98435 H 9
0.01414 0.00092 0.98494 H 9
0.00802 0.00047 0.99152 H 9
0.00889 0.00054 0.99057 H 9
0.01325 0.00082 0.98593 H 9
0.00772 0.00062 0.99166 H 9
0.00512 0.00054 0.99435 H 9
0.00657 0.00111 0.99232 H 9
0.00400 0.00076 0.99524 H 9
0.00453 0.00043 0.99504 H 9
0.00972 0.00172 0.98855 H 9
0.01847 0.00265 0.97887 H 9
0.08289 0.01111 0.90600 H 8
0.32821 0.00590 0.66589 H 3
0.59061 0.01123 0.39816 C 1
0.93312 0.01205 0.05483 C 8
0.84575 0.02004 0.13421 C 7
0.76153 0.02640 0.21208 C 5
0.16929 0.02997 0.80075 H 6
0.12067 0.05157 0.82776 H 7
0.21697 0.05826 0.72478 H 5
0.27867 0.48766 0.23367 E 1
0.29967 0.61430 0.08603 E 3
0.07491 0.92193 0.00316 E 8
0.01487 0.98364 0.00149 E 9
0.01096 0.98575 0.00329 E 9
0.01916 0.97736 0.00348 E 9
0.04560 0.94844 0.00596 E 9
0.52553 0.46628 0.00820 C 0
0.94735 0.03640 0.01625 C 9
0.94080 0.02715 0.03205 C 9
0.89856 0.03394 0.06750 C 8
0.95366 0.02765 0.01869 C 9
0.87276 0.04526 0.08197 C 7
0.85462 0.08575 0.05962 C 7
0.84407 0.09112 0.06482 C 7
0.90421 0.06590 0.02989 C 8
0.74590 0.07061 0.18350 C 5
0.82624 0.03134 0.14242 C 6
0.80155 0.05228 0.14617 C 6
0.23259 0.00431 0.76310 H 5
0.58727 0.01968 0.39305 C 1
0.68281 0.01766 0.29953 C 3
0.94068 0.02773 0.03159 C 9
0.97129 0.01215 0.01656 C 9
0.04849 0.00022 0.95129 H 9
0.02390 0.00053 0.97557 H 9
0.02170 0.00070 0.97760 H 9
0.01870 0.00230 0.97899 H 9
0.04206 0.00914 0.94880 H 9
0.03710 0.00807 0.95483 H 9
0.10163 0.00865 0.88972 H 7
0.28648 0.01427 0.69925 H 4
0.64898 0.01182 0.33920 C 3
0.85171 0.04982 0.09847 C 7
0.87778 0.01636 0.10586 C 7
0.88853 0.00868 0.10280 C 7
0.81460 0.00607 0.17934 C 6
0.77501 0.01892 0.20608 C 5
0.83266 0.05262 0.11472 C 7
0.74871 0.09613 0.15516 C 5
0.67379 0.19153 0.13468 C 4
0.73599 0.13577 0.12823 C 6
0.81380 0.07140 0.11479 C 7
0.24509 0.02744 0.72747 H 4
0.22545 0.01098 0.76356 H 5
0.26518 0.01401 0.72081 H 4
0.48103 0.09746 0.42151 C 0
0.77979 0.09726 0.12295 C 6
0.99474 0.00284 0.00242 C 9
