0.99533 0.00247 0.00219 C 9
0.93731 0.02293 0.03977 C 8
0.89624 0.02774 0.07602 C 8
0.70075 0.03121 0.26803 C 4
0.52410 0.05405 0.42186 C 1
0.44959 0.37092 0.17948 C 0
0.21851 0.76047 0.02101 E 5
0.01776 0.98146 0.00078 E 9
0.01931 0.97927 0.00142 E 9
0.02482 0.97446 0.00072 E 9
0.07171 0.92414 0.00415 E 8
0.37701 0.61816 0.00482 E 2
0.97174 0.01876 0.00950 C 9
0.90216 0.09121 0.00663 C 8
0.05297 0.94673 0.00030 E 8
0.01469 0.98503 0.00028 E 9
0.00386 0.99603 0.00011 E 9
0.00344 0.99649 0.00008 E 9
0.00598 0.99380 0.00021 E 9
0.04285 0.95659 0.00056 E 9
0.74660 0.24593 0.00747 C 4
0.94163 0.04799 0.01038 C 8
0.50497 0.00736 0.48767 C 0
0.48133 0.00842 0.51025 H 0
0.46035 0.00756 0.53209 H 0
0.87239 0.01529 0.11232 C 7
0.90552 0.02745 0.06703 C 8
0.87050 0.05345 0.07605 C 7
0.95243 0.03068 0.01689 C 9
0.96629 0.02035 0.01336 C 9
0.02784 0.00020 0.97196 H 9
0.01220 0.00016 0.98764 H 9
0.01157 0.00011 0.98832 H 9
0.00557 0.00044 0.99399 H 9
0.00849 0.00014 0.99137 H 9
0.00767 0.00035 0.99198 H 9
0.00473 0.00019 0.99509 H 9
0.00303 0.00030 0.99667 H 9
0.00565 0.00042 0.99393 H 9
0.00414 0.00035 0.99551 H 9
0.00478 0.00046 0.99477 H 9
0.01470 0.00101 0.98430 H 9
0.04698 0.00212 0.95090 H 9
0.07421 0.00136 0.92443 H 8
0.21931 0.00296 0.77774 H 5
0.42060 0.00178 0.57762 H 1
0.89901 0.00790 0.09310 C 8
0.96779 0.00753 0.02468 C 9
0.97735 0.01473 0.00792 C 9
0.78006 0.20982 0.01012 C 5
0.60773 0.38795 0.00432 C 2
0.00517 0.99462 0.00021 E 9
0.00280 0.99713 0.00007 E 9
0.00286 0.99704 0.00009 E 9
0.00942 0.99001 0.00057 E 9
0.03052 0.96914 0.00034 E 9
0.33487 0.66274 0.00240 E 3
0.87962 0.11459 0.00579 C 7
0.95400 0.02948 0.01651 C 9
0.92921 0.03012 0.04068 C 8
0.91414 0.03088 0.05498 C 8
0.73094 0.22423 0.04483 C 4
0.75211 0.21581 0.03208 C 5
0.80623 0.15492 0.03885 C 6
0.91605 0.04489 0.03905 C 8
0.83389 0.07577 0.09033 C 7
0.75282 0.13564 0.11154 C 6
0.86119 0.04475 0.09406 C 7
0.17730 0.03012 0.79257 H 6
0.08780 0.00410 0.90810 H 8
0.06847 0.00561 0.92592 H 8
0.15732 0.00632 0.83636 H 6
0.24734 0.00501 0.74765 H 4
0.40625 0.00271 0.59104 H 1
0.50294 0.00542 0.49164 C 0
0.66498 0.00971 0.32531 C 3
0.71197 0.01124 0.27679 C 4
0.73349 0.01057 0.25594 C 4
0.69625 0.01066 0.29309 C 4
0.34707 0.00359 0.64934 H 3
0.19294 0.00324 0.80383 H 6
0.17122 0.00494 0.82385 H 6
0.08737 0.00128 0.91135 H 8
0.05444 0.00192 0.94364 H 8
0.05142 0.00194 0.94664 H 8
0.06212 0.00220 0.93569 H 8
0.04924 0.00203 0.94873 H 8
0.04855 0.00146 0.94999 H 9
0.04745 0.00171 0.95084 H 9
0.03201 0.00154 0.96645 H 9
0.01840 0.00164 0.97996 H 9
0.01546 0.00076 0.98377 H 9
0.00787 0.00046 0.99167 H 9
0.01092 0.00144 0.98764 H 9
0.01108 0.00140 0.98752 H 9
0.01014 0.00152 0.98834 H 9
0.02858 0.00255 0.96887 H 9
0.20233 0.01062 0.78705 H 5
0.57654 0.01431 0.40915 C 1
0.96251 0.00639 0.03109 C 9
0.98598 0.00928 0.00474 C 9
0.93554 0.06298 0.00148 C 8
0.51738 0.47944 0.00318 C 0
0.02149 0.97806 0.00045 E 9
0.00480 0.99507 0.00013 E 9
0.00945 0.99028 0.00027 E 9
0.03929 0.95850 0.00221 E 9
0.12087 0.87626 0.00287 E 7
0.88098 0.09864 0.02038 C 7
0.91664 0.04455 0.03881 C 8
0.21897 0.76124 0.01979 E 5
0.42963 0.52192 0.04845 E 0
0.40884 0.48567 0.10549 E 0
0.64920 0.10916 0.24164 C 4
0.16039 0.00433 0.83529 H 6
0.11603 0.00253 0.88144 H 7
0.05755 0.00760 0.93486 H 8
0.03012 0.01409 0.95579 H 9
0.02334 0.04187 0.93479 H 8
0.04688 0.01475 0.93838 H 8
0.17491 0.03508 0.79001 H 6
0.37913 0.01561 0.60526 H 2
0.90543 0.02557 0.06900 C 8
0.97099 0.02429 0.00472 C 9
0.12878 0.86607 0.00515 E 7
0.03134 0.96628 0.00238 E 9
0.01486 0.98417 0.00097 E 9
0.05137 0.94767 0.00096 E 8
0.55824 0.42927 0.01249 C 1
0.94286 0.04126 0.01589 C 8
0.94680 0.03354 0.01966 C 9
0.90556 0.07826 0.01617 C 8
0.11707 0.88003 0.00289 E 7
0.03686 0.95906 0.00408 E 9
0.29375 0.69764 0.00861 E 4
0.75797 0.16660 0.07543 C 5
0.60334 0.18729 0.20938 C 3
0.21082 0.06315 0.72603 H 5
0.24395 0.07223 0.68382 H 4
0.27555 0.07772 0.64672 H 3
0.46889 0.10135 0.42976 C 0
0.83445 0.10946 0.05609 C 7
0.85594 0.10701 0.03705 C 7
0.86284 0.12647 0.01069 C 7
0.87810 0.08674 0.03516 C 7
0.90336 0.04075 0.05589 C 8
0.79648 0.06418 0.13933 C 6
0.61682 0.06925 0.31393 C 3
0.04500 0.00370 0.95130 H 9
0.00944 0.00321 0.98735 H 9
0.01566 0.01296 0.97139 H 9
0.01471 0.01033 0.97497 H 9
0.01317 0.00321 0.98362 H 9
0.02759 0.00421 0.96820 H 9
0.05758 0.00259 0.93983 H 8
0.15371 0.00366 0.84263 H 6
0.09109 0.00137 0.90754 H 8
0.05079 0.00102 0.94818 H 9
0.01349 0.00029 0.98622 H 9
0.01200 0.00035 0.98765 H 9
0.00431 0.00067 0.99502 H 9
0.00479 0.00091 0.99430 H 9
0.00493 0.00141 0.99366 H 9
0.00511 0.00124 0.99364 H 9
0.01890 0.00692 0.97418 H 9
0.13011 0.00412 0.86577 H 7
0.60999 0.00719 0.38282 C 2
0.95051 0.00337 0.04612 C 8
0.94232 0.01590 0.04178 C 8
0.93462 0.03693 0.02845 C 8
0.85122 0.08822 0.06056 C 7
0.96416 0.01577 0.02006 C 9
0.03707 0.00093 0.96200 H 9
0.00842 0.00036 0.99122 H 9
0.01158 0.00039 0.98803 H 9
0.00830 0.00035 0.99135 H 9
0.02515 0.00121 0.97364 H 9
0.03557 0.00187 0.96256 H 9
0.73867 0.00477 0.25655 C 4
0.98715 0.00501 0.00784 C 9
0.95166 0.01793 0.03041 C 9
0.57755 0.37489 0.04756 C 2
0.67644 0.14164 0.18192 C 4
0.10297 0.85164 0.04540 E 7
0.10709 0.87956 0.01335 E 7
0.44805 0.54068 0.01127 E 0
0.91910 0.06151 0.01939 C 8
0.15325 0.00021 0.84654 H 6
0.13740 0.00115 0.86145 H 7
0.14466 0.00172 0.85362 H 7
0.12627 0.00112 0.87261 H 7
0.05395 0.00061 0.94544 H 8
0.07331 0.00147 0.92523 H 8
0.05156 0.00052 0.94792 H 8
0.04011 0.00179 0.95811 H 9
0.06731 0.00195 0.93075 H 8
0.10181 0.00504 0.89315 H 7
0.13895 0.00264 0.85840 H 7
0.22276 0.00358 0.77366 H 5
0.37059 0.00813 0.62128 H 2
0.56090 0.02873 0.41037 C 1
0.63263 0.02095 0.34642 C 2
0.66468 0.02869 0.30663 C 3
0.75027 0.03092 0.21881 C 5
0.84635 0.01851 0.13514 C 7
0.14521 0.00114 0.85365 H 7
0.10026 0.00141 0.89832 H 8
0.03761 0.00067 0.96171 H 9
0.01055 0.00082 0.98862 H 9
0.00514 0.00053 0.99433 H 9
0.00689 0.00062 0.99249 H 9
0.00633 0.00090 0.99277 H 9
0.01098 0.00095 0.98807 H 9
0.02151 0.00157 0.97692 H 9
0.04894 0.00298 0.94809 H 8
0.11620 0.00272 0.88108 H 7
0.21441 0.00321 0.78238 H 5
0.24813 0.00473 0.74714 H 4
0.45287 0.01000 0.53713 H 0
0.54735 0.01338 0.43927 C 1
0.62092 0.01749 0.36159 C 2
0.68244 0.02317 0.29439 C 3
0.79328 0.03315 0.17357 C 6
0.85936 0.02746 0.11318 C 7
0.87816 0.01611 0.10574 C 7
0.85311 0.01706 0.12984 C 7
0.48977 0.00568 0.50455 H 0
0.40359 0.00401 0.59241 H 1
0.26811 0.00374 0.72815 H 4
0.16516 0.00163 0.83321 H 6
0.09734 0.00132 0.90134 H 8
0.07198 0.00090 0.92712 H 8
0.05865 0.00107 0.94028 H 8
0.02402 0.00086 0.97511 H 9
0.01730 0.00049 0.98221 H 9
0.01103 0.00064 0.98833 H 9
0.01034 0.00045 0.98922 H 9
0.01413 0.00173 0.98414 H 9
0.06435 0.00556 0.93010 H 8
0.12538 0.00092 0.87370 H 7
0.48321 0.01290 0.50389 H 0
0.87131 0.00805 0.12064 C 7
0.90593 0.01009 0.08398 C 8
0.70470 0.01020 0.28509 C 4
0.62485 0.00971 0.36544 C 2
0.02029 0.00033 0.97938 H 9
0.00774 0.00057 0.99169 H 9
0.00776 0.00066 0.99157 H 9
0.00377 0.00065 0.99558 H 9
0.00626 0.00108 0.99267 H 9
0.01684 0.00107 0.98208 H 9
0.02541 0.00063 0.97396 H 9
0.06671 0.00026 0.93303 H 8
0.19353 0.00129 0.80518 H 6
0.38806 0.00198 0.60996 H 2
0.68801 0.00417 0.30782 C 3
0.86484 0.00359 0.13157 C 7
0.35330 0.00348 0.64322 H 2
0.07437 0.00055 0.92508 H 8
0.03633 0.00029 0.96338 H 9
0.01090 0.00067 0.98844 H 9
0.00588 0.00027 0.99384 H 9
0.00687 0.00022 0.99291 H 9
0.00542 0.00022 0.99436 H 9
0.00329 0.00028 0.99643 H 9
0.00625 0.00027 0.99348 H 9
0.01229 0.00047 0.98723 H 9
0.01971 0.00020 0.98009 H 9
0.11485 0.00061 0.88454 H 7
0.40841 0.00199 0.58959 H 1
0.87559 0.00494 0.11947 C 7
0.95914 0.00528 0.03559 C 9
0.08694 0.00080 0.91226 H 8
0.02874 0.00049 0.97077 H 9
0.00864 0.00034 0.99102 H 9
0.00503 0.00047 0.99451 H 9
0.00326 0.00034 0.99640 H 9
0.00263 0.00012 0.99725 H 9
0.00241 0.00038 0.99721 H 9
0.00248 0.00040 0.99713 H 9
0.00299 0.00028 0.99673 H 9
0.00347 0.00042 0.99611 H 9
0.00749 0.00054 0.99197 H 9
0.04545 0.00140 0.95314 H 9
0.10256 0.00089 0.89655 H 7
0.26154 0.00196 0.73650 H 4
0.47189 0.00092 0.52720 H 0
0.62003 0.00104 0.37893 C 2
0.80987 0.00467 0.18545 C 6
0.87103 0.00478 0.12419 C 7
0.03272 0.00010 0.96718 H 9
0.01099 0.00027 0.98874 H 9
0.01319 0.00012 0.98669 H 9
0.01034 0.00015 0.98951 H 9
0.00348 0.00025 0.99627 H 9
0.00579 0.00028 0.99393 H 9
0.00539 0.00024 0.99438 H 9
0.00386 0.00039 0.99575 H 9
0.00318 0.00038 0.99644 H 9
0.00468 0.00019 0.99513 H 9
0.00372 0.00023 0.99606 H 9
0.00562 0.00050 0.99388 H 9
0.01305 0.00113 0.98582 H 9
0.02068 0.00115 0.97817 H 9
0.02854 0.00121 0.97025 H 9
0.19738 0.00182 0.80080 H 6
0.56953 0.00309 0.42738 C 1
0.96343 0.00479 0.03179 C 9
0.06655 0.00079 0.93266 H 8
0.21910 0.00187 0.77902 H 5
0.01260 0.00037 0.98703 H 9
0.00523 0.00023 0.99454 H 9
0.00549 0.00027 0.99424 H 9
0.00576 0.00020 0.99405 H 9
0.00546 0.00031 0.99423 H 9
0.00663 0.00043 0.99294 H 9
0.01131 0.00121 0.98747 H 9
0.01999 0.00082 0.97919 H 9
0.04435 0.00094 0.95471 H 9
0.21736 0.00094 0.78170 H 5
0.64093 0.00325 0.35582 C 2
0.76485 0.00302 0.23212 C 5
0.93646 0.00436 0.05918 C 8
0.96924 0.01168 0.01908 C 9
0.96400 0.02128 0.01472 C 9
0.91269 0.04061 0.04669 C 8
0.90381 0.06211 0.03408 C 8
0.88385 0.07664 0.03950 C 8
0.90186 0.07225 0.02590 C 8
0.90742 0.06376 0.02882 C 8
0.94204 0.03135 0.02661 C 9
0.90972 0.05829 0.03199 C 8
0.45372 0.03316 0.51311 H 0
0.74052 0.04329 0.21620 C 5
0.81580 0.02301 0.16119 C 6
0.96079 0.03061 0.00860 C 9
0.97911 0.01364 0.00725 C 9
0.06352 0.00021 0.93627 H 8
0.04064 0.00096 0.95840 H 9
0.02992 0.00090 0.96918 H 9
0.01635 0.00189 0.98176 H 9
0.02494 0.01134 0.96372 H 9
0.03813 0.02191 0.93996 H 8
0.09378 0.01294 0.89328 H 7
0.37194 0.02202 0.60604 H 2
0.70791 0.07416 0.21793 C 4
0.87596 0.04608 0.07796 C 7
0.88305 0.02109 0.09585 C 7
0.91755 0.00771 0.07474 C 8
0.83926 0.00816 0.15257 C 6
0.83212 0.02375 0.14412 C 6
0.72631 0.03513 0.23856 C 4
0.59218 0.07234 0.33548 C 2
0.65474 0.10889 0.23637 C 4
0.56242 0.08013 0.35745 C 2
0.44594 0.06487 0.48919 H 0
0.20678 0.02993 0.76329 H 5
0.25079 0.04053 0.70868 H 4
0.31345 0.03201 0.65455 H 3
0.42229 0.10522 0.47248 H 0
0.69536 0.14459 0.16005 C 5
0.99553 0.00165 0.00282 C 9
