0.99663 0.00126 0.00211 C 9
0.90823 0.02557 0.06620 C 8
0.76778 0.02444 0.20778 C 5
0.60992 0.04959 0.34048 C 2
0.54601 0.08905 0.36494 C 1
0.43354 0.25392 0.31253 C 1
0.18565 0.79065 0.02370 E 5
0.02728 0.96909 0.00363 E 9
0.02488 0.96928 0.00584 E 9
0.03698 0.96026 0.00277 E 9
0.05548 0.94341 0.00111 E 8
0.19447 0.80325 0.00228 E 6
0.97055 0.01864 0.01081 C 9
0.80414 0.18419 0.01167 C 6
0.11024 0.88743 0.00234 E 7
0.03082 0.96835 0.00083 E 9
0.00525 0.99443 0.00033 E 9
0.00477 0.99490 0.00033 E 9
0.01051 0.98854 0.00094 E 9
0.06138 0.93591 0.00271 E 8
0.82957 0.15880 0.01164 C 6
0.97327 0.00756 0.01917 C 9
0.16115 0.00365 0.83520 H 6
0.11700 0.00155 0.88145 H 7
0.07641 0.00183 0.92177 H 8
0.41567 0.00550 0.57883 H 1
0.50690 0.01027 0.48283 C 0
0.72993 0.02058 0.24950 C 4
0.93482 0.01738 0.04780 C 8
0.90344 0.01556 0.08101 C 8
0.04294 0.00028 0.95678 H 9
0.02277 0.00036 0.97687 H 9
0.00982 0.00052 0.98966 H 9
0.00562 0.00037 0.99401 H 9
0.00674 0.00022 0.99304 H 9
0.00628 0.00074 0.99297 H 9
0.00528 0.00034 0.99439 H 9
0.00365 0.00033 0.99603 H 9
0.00810 0.00030 0.99160 H 9
0.00869 0.00045 0.99086 H 9
0.01524 0.00063 0.98413 H 9
0.02250 0.00139 0.97611 H 9
0.05068 0.00266 0.94666 H 9
0.04378 0.00251 0.95371 H 9
0.14881 0.00569 0.84549 H 7
0.49896 0.00822 0.49282 C 0
0.96202 0.00572 0.03226 C 9
0.92773 0.00736 0.06492 C 8
0.92342 0.02920 0.04738 C 8
0.51583 0.46910 0.01507 C 0
0.39647 0.59924 0.00429 E 2
0.00582 0.99375 0.00043 E 9
0.00355 0.99612 0.00033 E 9
0.00521 0.99400 0.00079 E 9
0.02593 0.97205 0.00202 E 9
0.26809 0.72893 0.00298 E 4
0.58479 0.40987 0.00534 C 1
0.93981 0.05296 0.00723 C 8
0.94906 0.02478 0.02615 C 9
0.87556 0.03368 0.09076 C 7
0.66975 0.17771 0.15254 C 4
0.48330 0.43789 0.07881 C 0
0.34360 0.58179 0.07462 E 2
0.43269 0.47621 0.09110 E 0
0.72896 0.17366 0.09739 C 5
0.80783 0.07672 0.11546 C 6
0.82942 0.02298 0.14759 C 6
0.66737 0.04049 0.29214 C 3
0.08045 0.10414 0.81540 H 6
0.01939 0.02077 0.95985 H 9
0.00850 0.01395 0.97756 H 9
0.01764 0.02284 0.95952 H 9
0.07498 0.29043 0.63459 H 3
0.17001 0.04604 0.78395 H 6
0.44947 0.01483 0.53570 H 0
0.58046 0.01018 0.40935 C 1
0.61124 0.00667 0.38209 C 2
0.89805 0.00372 0.09823 C 8
0.93679 0.00856 0.05465 C 8
0.53234 0.01218 0.45548 C 0
0.23073 0.00507 0.76419 H 5
0.08890 0.00466 0.90645 H 8
0.03306 0.00130 0.96564 H 9
0.04442 0.00345 0.95212 H 9
0.02389 0.00275 0.97336 H 9
0.02850 0.00710 0.96441 H 9
0.01313 0.00332 0.98355 H 9
0.01233 0.00237 0.98530 H 9
0.01663 0.00443 0.97894 H 9
0.00991 0.00306 0.98703 H 9
0.01662 0.00731 0.97607 H 9
0.01059 0.00414 0.98526 H 9
0.01017 0.00280 0.98703 H 9
0.00722 0.00140 0.99138 H 9
0.01111 0.00127 0.98762 H 9
0.01969 0.00283 0.97747 H 9
0.04498 0.00725 0.94777 H 9
0.15120 0.00365 0.84516 H 6
0.49897 0.00500 0.49603 C 0
0.89388 0.03771 0.06841 C 8
0.96078 0.02470 0.01451 C 9
0.94627 0.02100 0.03273 C 9
0.88524 0.08711 0.02765 C 7
0.16245 0.80215 0.03540 E 6
0.02961 0.93323 0.03716 E 8
0.04343 0.87162 0.08495 E 7
0.06878 0.81445 0.11676 E 6
0.09650 0.89375 0.00976 E 7
0.46438 0.48513 0.05049 E 0
0.72827 0.21044 0.06129 C 5
0.27638 0.68415 0.03947 E 4
0.14845 0.77394 0.07760 E 6
0.19284 0.78148 0.02568 E 5
0.78147 0.15646 0.06208 C 6
0.81490 0.08678 0.09832 C 7
0.63988 0.20727 0.15285 C 4
0.39413 0.41517 0.19070 E 0
0.13739 0.81777 0.04484 E 6
0.08371 0.84177 0.07452 E 7
0.14734 0.78531 0.06734 E 6
0.36234 0.60051 0.03716 E 2
0.65887 0.32905 0.01208 C 3
0.92356 0.06925 0.00719 C 8
0.87808 0.11497 0.00696 C 7
0.09531 0.90339 0.00130 E 8
0.05114 0.94817 0.00069 E 9
0.02609 0.97344 0.00047 E 9
0.08565 0.91146 0.00289 E 8
0.67021 0.32726 0.00253 C 3
0.87877 0.07717 0.04406 C 8
0.84401 0.08048 0.07552 C 7
0.61993 0.29192 0.08815 C 3
0.33202 0.58992 0.07806 E 2
0.35132 0.46488 0.18379 E 1
0.54419 0.30769 0.14812 C 2
0.83384 0.11621 0.04995 C 7
0.74178 0.13774 0.12048 C 6
0.63138 0.06035 0.30827 C 3
0.47786 0.05500 0.46714 C 0
0.64470 0.13290 0.22240 C 4
0.43845 0.47897 0.08258 E 0
0.55695 0.42720 0.01585 C 1
0.54194 0.43905 0.01901 C 1
0.74324 0.24768 0.00908 C 4
0.86208 0.10340 0.03452 C 7
0.89995 0.06331 0.03674 C 8
0.82376 0.06958 0.10666 C 7
0.79353 0.07814 0.12833 C 6
0.15611 0.11665 0.72724 H 5
0.33325 0.26863 0.39811 H 0
0.18246 0.53806 0.27948 E 2
0.19689 0.51077 0.29233 E 2
0.31158 0.13574 0.55268 H 2
0.41903 0.03984 0.54113 H 1
0.31302 0.01977 0.66721 H 3
0.82614 0.02228 0.15158 C 6
0.80477 0.01981 0.17542 C 6
0.41881 0.00400 0.57719 H 1
0.08902 0.00242 0.90856 H 8
0.16379 0.02107 0.81514 H 6
0.07036 0.06096 0.86868 H 7
0.03629 0.05316 0.91055 H 8
0.03684 0.13324 0.82992 H 6
0.03118 0.07333 0.89548 H 8
0.07692 0.37244 0.55064 H 1
0.22357 0.16942 0.60701 H 3
0.41424 0.13290 0.45285 H 0
0.65288 0.08391 0.26320 C 3
0.76123 0.09879 0.13999 C 6
0.61267 0.19195 0.19538 C 4
0.79960 0.13473 0.06567 C 6
0.95957 0.02875 0.01168 C 9
0.04526 0.00071 0.95403 H 9
0.02235 0.00094 0.97670 H 9
0.01407 0.00121 0.98471 H 9
0.02043 0.00499 0.97458 H 9
0.02322 0.00764 0.96914 H 9
0.03499 0.03956 0.92545 H 8
0.50055 0.06027 0.43917 C 0
0.88542 0.03745 0.07713 C 8
0.66457 0.11756 0.21787 C 4
0.51984 0.34848 0.13168 C 1
0.60173 0.20381 0.19446 C 3
0.10675 0.85073 0.04252 E 7
0.10101 0.86628 0.03270 E 7
0.31008 0.68388 0.00603 E 3
0.77511 0.20459 0.02030 C 5
0.12609 0.00145 0.87246 H 7
0.11627 0.00045 0.88327 H 7
0.25203 0.00308 0.74489 H 4
0.07562 0.00078 0.92360 H 8
0.03023 0.00014 0.96963 H 9
0.02190 0.00044 0.97766 H 9
0.00648 0.00056 0.99295 H 9
0.00636 0.00035 0.99329 H 9
0.00948 0.00034 0.99018 H 9
0.01357 0.00075 0.98568 H 9
0.02818 0.00108 0.97074 H 9
0.10100 0.00301 0.89600 H 7
0.39010 0.00423 0.60567 H 2
0.84904 0.00274 0.14822 C 7
0.87239 0.00434 0.12328 C 7
0.82814 0.00995 0.16191 C 6
0.85109 0.00738 0.14153 C 7
0.87863 0.00731 0.11407 C 7
0.31568 0.00131 0.68301 H 3
0.33851 0.00135 0.66013 H 3
0.29508 0.00222 0.70270 H 4
0.01844 0.00024 0.98133 H 9
0.00741 0.00018 0.99241 H 9
0.00497 0.00056 0.99447 H 9
0.00427 0.00088 0.99485 H 9
0.00574 0.00096 0.99330 H 9
0.01581 0.00179 0.98241 H 9
0.03542 0.00289 0.96168 H 9
0.07105 0.00392 0.92503 H 8
0.28106 0.00279 0.71615 H 4
0.53089 0.00725 0.46186 C 0
0.73457 0.01297 0.25246 C 4
0.74187 0.01079 0.24734 C 4
0.83893 0.03531 0.12576 C 7
0.79370 0.03397 0.17234 C 6
0.85653 0.03005 0.11342 C 7
0.89614 0.02218 0.08167 C 8
0.95442 0.01614 0.02944 C 9
0.78906 0.00968 0.20126 C 5
0.50777 0.00729 0.48494 C 0
0.24625 0.00274 0.75101 H 5
0.25215 0.00372 0.74413 H 4
0.11635 0.00298 0.88067 H 7
0.01481 0.00080 0.98439 H 9
0.02008 0.00114 0.97878 H 9
0.03356 0.00220 0.96424 H 9
0.01175 0.00115 0.98710 H 9
0.01169 0.00030 0.98801 H 9
0.00806 0.00072 0.99121 H 9
0.00751 0.00110 0.99138 H 9
0.01170 0.00178 0.98651 H 9
0.04191 0.00479 0.95330 H 9
0.07736 0.00362 0.91902 H 8
0.51566 0.03192 0.45242 C 0
0.88921 0.04474 0.06605 C 8
0.88814 0.01596 0.09591 C 7
0.92499 0.01584 0.05917 C 8
0.95593 0.00574 0.03833 C 9
0.01897 0.00081 0.98021 H 9
0.00646 0.00046 0.99308 H 9
0.00314 0.00033 0.99652 H 9
0.00308 0.00063 0.99629 H 9
0.00426 0.00074 0.99501 H 9
0.00971 0.00185 0.98844 H 9
0.02375 0.00158 0.97467 H 9
0.03131 0.00171 0.96698 H 9
0.09072 0.00296 0.90632 H 8
0.24831 0.00131 0.75038 H 5
0.75426 0.00256 0.24319 C 5
0.90122 0.00160 0.09718 C 8
0.87850 0.00323 0.11827 C 7
0.20301 0.00171 0.79528 H 5
0.07709 0.00051 0.92240 H 8
0.02254 0.00035 0.97711 H 9
0.00684 0.00016 0.99300 H 9
0.00592 0.00051 0.99357 H 9
0.00667 0.00058 0.99274 H 9
0.00479 0.00062 0.99459 H 9
0.01851 0.00073 0.98076 H 9
0.01632 0.00125 0.98243 H 9
0.02312 0.00116 0.97572 H 9
0.09920 0.00169 0.89911 H 8
0.49851 0.00314 0.49836 C 0
0.88165 0.00413 0.11422 C 7
0.98467 0.00557 0.00977 C 9
0.22077 0.02925 0.74998 H 5
0.05632 0.03088 0.91279 H 8
0.01546 0.00437 0.98017 H 9
0.00490 0.00187 0.99323 H 9
0.00286 0.00133 0.99581 H 9
0.00319 0.00126 0.99555 H 9
0.00204 0.00096 0.99700 H 9
0.00247 0.00078 0.99675 H 9
0.00348 0.00048 0.99604 H 9
0.00278 0.00062 0.99660 H 9
0.00803 0.00093 0.99104 H 9
0.02814 0.00176 0.97010 H 9
0.06767 0.00161 0.93072 H 8
0.37332 0.00287 0.62381 H 2
0.61606 0.00251 0.38143 C 2
0.80883 0.00412 0.18705 C 6
0.96857 0.00222 0.02921 C 9
0.96747 0.00410 0.02843 C 9
0.02547 0.00029 0.97424 H 9
0.00652 0.00010 0.99337 H 9
0.00821 0.00076 0.99103 H 9
0.00601 0.00048 0.99351 H 9
0.00621 0.00059 0.99320 H 9
0.00831 0.00053 0.99116 H 9
0.00928 0.00080 0.98992 H 9
0.01137 0.00118 0.98745 H 9
0.00747 0.00105 0.99148 H 9
0.00461 0.00057 0.99482 H 9
0.00372 0.00104 0.99525 H 9
0.00439 0.00177 0.99384 H 9
0.00858 0.00394 0.98748 H 9
0.02796 0.05145 0.92059 H 8
0.05835 0.03639 0.90526 H 8
0.21049 0.04967 0.73984 H 5
0.32348 0.08701 0.58951 H 2
0.85160 0.02780 0.12060 C 7
0.90461 0.01599 0.07940 C 8
0.81916 0.03079 0.15005 C 6
0.33897 0.06504 0.59599 H 2
0.12919 0.05477 0.81604 H 6
0.12726 0.02348 0.84926 H 7
0.23398 0.18280 0.58322 H 3
0.20396 0.17825 0.61779 H 4
0.19063 0.43194 0.37743 E 0
0.04524 0.84570 0.10906 E 7
0.03099 0.84644 0.12257 E 7
0.06968 0.80248 0.12784 E 6
0.14359 0.83501 0.02140 E 6
0.63542 0.35907 0.00551 C 2
0.93580 0.03560 0.02860 C 8
0.94555 0.02164 0.03280 C 9
0.94837 0.01420 0.03743 C 9
0.97113 0.01577 0.01309 C 9
0.90935 0.03952 0.05113 C 8
0.90898 0.06025 0.03077 C 8
0.90804 0.06677 0.02519 C 8
0.96277 0.02936 0.00786 C 9
0.81056 0.05638 0.13307 C 6
0.92031 0.01527 0.06442 C 8
0.88316 0.02615 0.09069 C 7
0.17365 0.00610 0.82025 H 6
0.51546 0.03416 0.45038 C 0
0.45439 0.00817 0.53744 H 0
0.96126 0.02135 0.01739 C 9
0.96589 0.01974 0.01438 C 9
0.05031 0.00038 0.94931 H 9
0.02891 0.00038 0.97071 H 9
0.01403 0.00082 0.98515 H 9
0.01023 0.00181 0.98796 H 9
0.02791 0.00304 0.96904 H 9
0.04187 0.00583 0.95231 H 9
0.13062 0.00687 0.86251 H 7
0.58919 0.04904 0.36177 C 2
0.88624 0.02295 0.09081 C 7
0.93970 0.02885 0.03145 C 9
0.91827 0.01257 0.06916 C 8
0.94437 0.00640 0.04923 C 8
0.74871 0.00275 0.24854 C 5
0.69576 0.01153 0.29271 C 4
0.76626 0.01214 0.22159 C 5
0.91628 0.03478 0.04894 C 8
0.93321 0.03071 0.03608 C 8
0.76958 0.01416 0.21627 C 5
0.66301 0.02934 0.30765 C 3
0.30582 0.01057 0.68361 H 3
0.33787 0.01669 0.64544 H 3
0.64104 0.03575 0.32321 C 3
0.66769 0.07856 0.25375 C 4
0.67346 0.07136 0.25518 C 4
0.99738 0.00069 0.00193 C 9
